Qubits 2
GateBefore H 1
GateBefore CX 0 1
GateBefore RY 1 1.9540706305328512
GateBefore IP 1 0.4523893421169302
GateAfter UNITARY 2 0 1 
MatrixBegin
-0.19046633123118978 0.0 0.9816937285463987 0.0 0.0 0.0 0.0 0.0 0.8829404948844026 -0.4291138067699719 0.1713064185559121 -0.08325583639731204 0.0 0.0 0.0 0.0 0.0 0.0 0.0 0.0 -0.19046633123118978 0.0 -0.9816937285463987 0.0 0.0 0.0 0.0 0.0 0.8829404948844026 -0.4291138067699719 -0.1713064185559121 0.08325583639731204 
MatrixEnd
Qubits 5
GateBefore T 3
GateBefore CX 2 0
GateBefore CX 2 0
GateBefore CX 4 2
GateBefore I 2
GateBefore CX 2 4
GateBefore CX 4 0
GateBefore CX 2 4
GateBefore CX 1 3
GateBefore S 3
GateBefore CX 4 3
GateBefore Z 3
GateBefore S 4
GateBefore CX 1 2
GateBefore T 3
GateBefore CX 1 2
GateBefore CX 4 1
GateBefore CX 2 4
GateBefore CX 2 0
GateBefore CX 0 1
GateBefore RX 3 2.5289820861397834
GateBefore CX 3 4
GateBefore CX 2 0
GateBefore S 0
GateBefore CX 4 0
GateAfter UNITARY 2 2 4 
MatrixBegin
1.0 0.0 0.0 0.0 0.0 0.0 0.0 0.0 0.0 0.0 0.0 0.0 0.0 0.0 1.0 0.0 0.0 0.0 1.0 0.0 0.0 0.0 0.0 0.0 0.0 0.0 0.0 0.0 1.0 0.0 0.0 0.0 
MatrixEnd
GateAfter UNITARY 2 1 3 
MatrixBegin
1.0 0.0 0.0 0.0 0.0 0.0 0.0 0.0 0.0 0.0 -0.7071067811865475 0.7071067811865475 0.0 0.0 0.0 0.0 0.0 0.0 0.0 0.0 0.0 0.0 0.7071067811865475 0.7071067811865475 0.0 0.0 0.0 0.0 0.0 1.0 0.0 0.0 
MatrixEnd
GateAfter UNITARY 2 0 4 
MatrixBegin
1.0 0.0 0.0 0.0 0.0 0.0 0.0 0.0 0.0 0.0 0.0 0.0 0.0 0.0 1.0 0.0 0.0 0.0 0.0 0.0 1.0 0.0 0.0 0.0 0.0 0.0 1.0 0.0 0.0 0.0 0.0 0.0 
MatrixEnd
GateAfter UNITARY 2 2 4 
MatrixBegin
1.0 0.0 0.0 0.0 0.0 0.0 0.0 0.0 0.0 0.0 1.0 0.0 0.0 0.0 0.0 0.0 0.0 0.0 0.0 0.0 0.0 0.0 1.0 0.0 0.0 0.0 0.0 0.0 1.0 0.0 0.0 0.0 
MatrixEnd
GateAfter UNITARY 2 3 4 
MatrixBegin
0.3015379599444958 0.0 0.0 0.0 -0.6741939107973727 0.6741939107973727 0.0 0.0 0.0 0.0 -0.6741939107973727 -0.6741939107973727 0.0 0.0 0.0 0.3015379599444958 0.0 -0.9534541723190012 0.0 0.0 -0.21321953626191048 -0.21321953626191048 0.0 0.0 0.0 0.0 0.21321953626191048 -0.21321953626191048 0.0 0.0 0.9534541723190012 0.0 
MatrixEnd
GateAfter UNITARY 2 1 4 
MatrixBegin
1.0 0.0 0.0 0.0 0.0 0.0 0.0 0.0 0.0 0.0 0.0 0.0 0.0 0.0 1.0 0.0 0.0 0.0 0.0 0.0 1.0 0.0 0.0 0.0 0.0 0.0 1.0 0.0 0.0 0.0 0.0 0.0 
MatrixEnd
GateAfter UNITARY 2 2 4 
MatrixBegin
1.0 0.0 0.0 0.0 0.0 0.0 0.0 0.0 0.0 0.0 1.0 0.0 0.0 0.0 0.0 0.0 0.0 0.0 0.0 0.0 0.0 0.0 1.0 0.0 0.0 0.0 0.0 0.0 1.0 0.0 0.0 0.0 
MatrixEnd
GateAfter UNITARY 2 0 2 
MatrixBegin
1.0 0.0 0.0 0.0 0.0 0.0 0.0 0.0 0.0 0.0 0.0 0.0 0.0 0.0 1.0 0.0 0.0 0.0 0.0 0.0 1.0 0.0 0.0 0.0 0.0 0.0 1.0 0.0 0.0 0.0 0.0 0.0 
MatrixEnd
GateAfter UNITARY 2 3 4 
MatrixBegin
1.0 0.0 0.0 0.0 0.0 0.0 0.0 0.0 0.0 0.0 1.0 0.0 0.0 0.0 0.0 0.0 0.0 0.0 0.0 0.0 0.0 0.0 1.0 0.0 0.0 0.0 0.0 0.0 1.0 0.0 0.0 0.0 
MatrixEnd
GateAfter UNITARY 2 0 1 
MatrixBegin
1.0 0.0 0.0 0.0 0.0 0.0 0.0 0.0 0.0 0.0 1.0 0.0 0.0 0.0 0.0 0.0 0.0 0.0 0.0 0.0 0.0 0.0 1.0 0.0 0.0 0.0 0.0 0.0 1.0 0.0 0.0 0.0 
MatrixEnd
GateAfter UNITARY 2 0 2 
MatrixBegin
1.0 0.0 0.0 0.0 0.0 0.0 0.0 0.0 0.0 0.0 0.0 0.0 0.0 0.0 1.0 0.0 0.0 0.0 0.0 0.0 0.0 1.0 0.0 0.0 0.0 0.0 0.0 1.0 0.0 0.0 0.0 0.0 
MatrixEnd
GateAfter UNITARY 2 0 4 
MatrixBegin
1.0 0.0 0.0 0.0 0.0 0.0 0.0 0.0 0.0 0.0 0.0 0.0 0.0 0.0 1.0 0.0 0.0 0.0 0.0 0.0 1.0 0.0 0.0 0.0 0.0 0.0 1.0 0.0 0.0 0.0 0.0 0.0 
MatrixEnd
Qubits 1
GateBefore H 0
GateAfter UNITARY 1 0 
MatrixBegin
0.7071067811865475 0.0 0.7071067811865475 0.0 0.7071067811865475 0.0 -0.7071067811865475 0.0 
MatrixEnd
Qubits 3
GateBefore CX 1 2
GateBefore CX 0 1
GateBefore X 1
GateBefore Y 2
GateBefore CX 1 0
GateBefore IP 2 1.6933184402848986
GateBefore CX 0 2
GateBefore S 0
GateBefore Z 0
GateAfter UNITARY 2 1 2 
MatrixBegin
0.0 0.0 0.0 -1.0 0.0 0.0 0.0 0.0 0.9925035507468237 -0.12221579993988953 0.0 0.0 0.0 0.0 0.0 0.0 0.0 0.0 0.0 0.0 0.0 -1.0 0.0 0.0 0.0 0.0 0.0 0.0 0.0 0.0 0.9925035507468237 -0.12221579993988953 
MatrixEnd
GateAfter UNITARY 2 0 1 
MatrixBegin
0.0 0.0 1.0 0.0 0.0 0.0 0.0 0.0 0.0 0.0 0.0 0.0 0.0 0.0 1.0 0.0 0.0 0.0 0.0 0.0 1.0 0.0 0.0 0.0 1.0 0.0 0.0 0.0 0.0 0.0 0.0 0.0 
MatrixEnd
GateAfter UNITARY 2 0 2 
MatrixBegin
1.0 0.0 0.0 0.0 0.0 0.0 0.0 0.0 0.0 0.0 1.0 0.0 0.0 0.0 0.0 0.0 0.0 0.0 0.0 0.0 0.0 0.0 0.0 -1.0 0.0 0.0 0.0 0.0 0.0 -1.0 0.0 0.0 
MatrixEnd
Qubits 1
GateBefore H 0
GateAfter UNITARY 1 0 
MatrixBegin
0.7071067811865475 0.0 0.7071067811865475 0.0 0.7071067811865475 0.0 -0.7071067811865475 0.0 
MatrixEnd
Qubits 2
GateBefore Z 0
GateBefore RY 1 3.094468763785946
GateBefore TDG 1
GateBefore CX 0 1
GateAfter UNITARY 2 0 1 
MatrixBegin
0.023559764833610303 0.0 -0.9997224302180006 0.0 0.0 0.0 0.0 0.0 0.7069105097114432 -0.7069105097114432 0.016659269477006196 -0.016659269477006196 0.0 0.0 0.0 0.0 0.0 0.0 0.0 0.0 -0.7069105097114432 0.7069105097114432 -0.016659269477006196 0.016659269477006196 0.0 0.0 0.0 0.0 -0.023559764833610303 0.0 0.9997224302180006 0.0 
MatrixEnd
Qubits 3
GateBefore X 1
GateBefore IP 2 0.01884955592153876
GateBefore S 0
GateBefore IP 1 2.6829201261656834
GateBefore CX 1 2
GateBefore Y 2
GateBefore CX 1 2
GateBefore CX 0 1
GateBefore Y 1
GateAfter UNITARY 2 1 2 
MatrixBegin
0.0 0.0 0.0 0.0 0.0 0.0 -0.018848439715408175 -0.999822352380809 0.0 0.0 0.0 0.0 0.0 1.0 0.0 0.0 0.0 0.0 0.42577929156507266 -0.9048270524660195 0.0 0.0 0.0 0.0 -0.44275823103890155 0.8966410367852359 0.0 0.0 0.0 0.0 0.0 0.0 
MatrixEnd
GateAfter UNITARY 2 0 1 
MatrixBegin
0.0 0.0 0.0 -1.0 0.0 0.0 0.0 0.0 0.0 1.0 0.0 0.0 0.0 0.0 0.0 0.0 0.0 0.0 0.0 0.0 1.0 0.0 0.0 0.0 0.0 0.0 0.0 0.0 0.0 0.0 -1.0 0.0 
MatrixEnd
Qubits 3
GateBefore CX 0 1
GateBefore RX 2 0.0
GateBefore CX 2 0
GateBefore CX 2 1
GateBefore TDG 2
GateBefore CX 0 2
GateBefore Y 0
GateBefore CX 2 0
GateBefore CX 1 2
GateAfter UNITARY 2 0 1 
MatrixBegin
1.0 0.0 0.0 0.0 0.0 0.0 0.0 0.0 0.0 0.0 1.0 0.0 0.0 0.0 0.0 0.0 0.0 0.0 0.0 0.0 0.0 0.0 1.0 0.0 0.0 0.0 0.0 0.0 1.0 0.0 0.0 0.0 
MatrixEnd
GateAfter UNITARY 2 0 2 
MatrixBegin
1.0 0.0 0.0 0.0 0.0 0.0 0.0 0.0 0.0 0.0 0.0 0.0 0.0 0.0 1.0 0.0 0.0 0.0 0.0 0.0 1.0 0.0 0.0 0.0 0.0 0.0 1.0 0.0 0.0 0.0 0.0 0.0 
MatrixEnd
GateAfter UNITARY 2 1 2 
MatrixBegin
1.0 0.0 0.0 0.0 0.0 0.0 0.0 0.0 0.0 0.0 0.0 0.0 0.0 0.0 0.7071067811865475 -0.7071067811865475 0.0 0.0 0.0 0.0 1.0 0.0 0.0 0.0 0.0 0.0 0.7071067811865475 -0.7071067811865475 0.0 0.0 0.0 0.0 
MatrixEnd
GateAfter UNITARY 2 0 2 
MatrixBegin
0.0 0.0 0.0 0.0 0.0 0.0 0.0 -1.0 0.0 0.0 0.0 1.0 0.0 0.0 0.0 0.0 0.0 1.0 0.0 0.0 0.0 0.0 0.0 0.0 0.0 0.0 0.0 0.0 0.0 -1.0 0.0 0.0 
MatrixEnd
GateAfter UNITARY 2 1 2 
MatrixBegin
1.0 0.0 0.0 0.0 0.0 0.0 0.0 0.0 0.0 0.0 1.0 0.0 0.0 0.0 0.0 0.0 0.0 0.0 0.0 0.0 0.0 0.0 1.0 0.0 0.0 0.0 0.0 0.0 1.0 0.0 0.0 0.0 
MatrixEnd
Qubits 5
GateBefore T 2
GateBefore IP 2 2.217964413434394
GateBefore Z 1
GateBefore CX 0 3
GateBefore CX 2 0
GateBefore Z 4
GateBefore T 4
GateBefore Y 4
GateBefore CX 2 1
GateBefore I 1
GateBefore CX 3 1
GateBefore IP 4 0.31730085801256913
GateBefore CX 4 1
GateBefore CX 0 2
GateBefore IP 1 1.5707963267948966
GateBefore CX 1 0
GateBefore IP 4 0.7037167544041136
GateBefore RX 3 2.1331414117874696
GateBefore T 2
GateBefore CX 3 4
GateBefore CX 3 0
GateBefore RY 0 2.217964413434394
GateBefore T 1
GateBefore IP 3 0.5026548245743669
GateBefore RX 2 2.9059732045705586
GateAfter UNITARY 2 0 3 
MatrixBegin
1.0 0.0 0.0 0.0 0.0 0.0 0.0 0.0 0.0 0.0 1.0 0.0 0.0 0.0 0.0 0.0 0.0 0.0 0.0 0.0 0.0 0.0 1.0 0.0 0.0 0.0 0.0 0.0 1.0 0.0 0.0 0.0 
MatrixEnd
GateAfter UNITARY 2 0 2 
MatrixBegin
1.0 0.0 0.0 0.0 0.0 0.0 0.0 0.0 0.0 0.0 0.0 0.0 0.0 0.0 0.13779029068463794 -0.9904614256966512 0.0 0.0 0.0 0.0 1.0 0.0 0.0 0.0 0.0 0.0 0.13779029068463794 -0.9904614256966512 0.0 0.0 0.0 0.0 
MatrixEnd
GateAfter UNITARY 2 1 2 
MatrixBegin
1.0 0.0 0.0 0.0 0.0 0.0 0.0 0.0 0.0 0.0 0.0 0.0 0.0 0.0 -1.0 0.0 0.0 0.0 0.0 0.0 -1.0 0.0 0.0 0.0 0.0 0.0 1.0 0.0 0.0 0.0 0.0 0.0 
MatrixEnd
GateAfter UNITARY 2 0 2 
MatrixBegin
0.1175373974578377 0.0 0.7022054400952894 -0.7022054400952894 0.0 0.0 0.0 0.0 0.0 -0.9930684569549263 0.0831114907854555 0.0831114907854555 0.0 0.0 0.0 0.0 0.0 0.0 0.0 0.0 0.7022054400952894 -0.7022054400952894 0.1175373974578377 0.0 0.0 0.0 0.0 0.0 0.0831114907854555 0.0831114907854555 0.0 -0.9930684569549263 
MatrixEnd
GateAfter UNITARY 2 1 3 
MatrixBegin
0.48312957851016086 0.0 0.0 0.0 0.0 0.0 0.0 -0.8755488623535492 0.0 -0.8755488623535492 0.0 0.0 0.0 0.0 0.48312957851016086 0.0 0.0 0.0 0.0 -0.8755488623535492 0.48312957851016086 0.0 0.0 0.0 0.0 0.0 0.48312957851016086 0.0 0.0 -0.8755488623535492 0.0 0.0 
MatrixEnd
GateAfter UNITARY 2 1 4 
MatrixBegin
0.0 0.0 -0.7071067811865475 0.7071067811865475 0.0 0.0 0.0 0.0 0.0 0.0 0.0 0.0 0.8526401643540921 0.5224985647159488 0.0 0.0 0.0 0.0 0.0 0.0 0.0 0.0 0.7071067811865475 0.7071067811865475 0.5224985647159489 -0.8526401643540921 0.0 0.0 0.0 0.0 0.0 0.0 
MatrixEnd
GateAfter UNITARY 2 0 1 
MatrixBegin
1.0 0.0 0.0 0.0 0.0 0.0 0.0 0.0 0.0 0.0 0.0 0.0 0.0 0.0 0.7071067811865475 0.7071067811865475 0.0 0.0 0.0 0.0 1.0 0.0 0.0 0.0 0.0 0.0 0.7071067811865475 0.7071067811865475 0.0 0.0 0.0 0.0 
MatrixEnd
GateAfter UNITARY 2 3 4 
MatrixBegin
1.0 0.0 0.0 0.0 0.0 0.0 0.0 0.0 0.0 0.0 1.0 0.0 0.0 0.0 0.0 0.0 0.0 0.0 0.0 0.0 0.0 0.0 1.0 0.0 0.0 0.0 0.0 0.0 1.0 0.0 0.0 0.0 
MatrixEnd
GateAfter UNITARY 2 0 3 
MatrixBegin
0.4455729223768963 0.0 0.0 0.0 -0.8952456483248117 0.0 0.0 0.0 0.0 0.0 -0.784509741907232 0.4312878803040502 0.0 0.0 0.3904585283255401 -0.21465639243530818 0.8952456483248117 0.0 0.0 0.0 0.4455729223768963 0.0 0.0 0.0 0.0 0.0 0.3904585283255401 -0.21465639243530818 0.0 0.0 0.784509741907232 -0.4312878803040502 
MatrixEnd
Qubits 5
GateBefore CX 3 2
GateBefore RX 3 1.6619025137490004
GateBefore CX 4 3
GateBefore T 0
GateBefore CX 3 1
GateBefore RX 1 0.2827433388230814
GateBefore CX 1 2
GateBefore IP 4 0.8953539062730911
GateBefore CX 1 3
GateBefore CX 3 4
GateBefore I 2
GateBefore H 0
GateBefore I 0
GateBefore H 3
GateBefore IP 2 2.3593360828459344
GateBefore CX 2 3
GateBefore CX 1 3
GateBefore CX 4 3
GateBefore CX 1 0
GateBefore CX 0 4
GateBefore RY 3 1.5425219929125886
GateBefore CX 4 0
GateBefore CX 0 1
GateBefore CX 1 3
GateBefore CX 0 4
GateAfter UNITARY 2 2 3 
MatrixBegin
0.6741734925434366 0.0 0.0 0.0 0.0 0.0 0.0 -0.7385730173461422 0.0 -0.7385730173461422 0.0 0.0 0.0 0.0 0.6741734925434366 0.0 0.0 0.0 0.0 -0.7385730173461422 0.6741734925434366 0.0 0.0 0.0 0.0 0.0 0.6741734925434366 0.0 0.0 -0.7385730173461422 0.0 0.0 
MatrixEnd
GateAfter UNITARY 2 3 4 
MatrixBegin
1.0 0.0 0.0 0.0 0.0 0.0 0.0 0.0 0.0 0.0 0.0 0.0 0.0 0.0 0.6252426563357052 -0.7804304073383297 0.0 0.0 0.0 0.0 1.0 0.0 0.0 0.0 0.0 0.0 0.6252426563357052 -0.7804304073383297 0.0 0.0 0.0 0.0 
MatrixEnd
GateAfter UNITARY 2 1 3 
MatrixBegin
0.9900236577165575 0.0 0.0 0.0 0.0 -0.14090123193758267 0.0 0.0 0.0 0.0 0.0 -0.14090123193758267 0.0 0.0 0.9900236577165575 0.0 0.0 -0.14090123193758267 0.0 0.0 0.9900236577165575 0.0 0.0 0.0 0.0 0.0 0.9900236577165575 0.0 0.0 0.0 0.0 -0.14090123193758267 
MatrixEnd
GateAfter UNITARY 2 1 2 
MatrixBegin
1.0 0.0 0.0 0.0 0.0 0.0 0.0 0.0 0.0 0.0 -0.7093247295722737 -0.7048818539423616 0.0 0.0 0.0 0.0 0.0 0.0 0.0 0.0 0.0 0.0 1.0 0.0 0.0 0.0 0.0 0.0 -0.7093247295722737 -0.7048818539423616 0.0 0.0 
MatrixEnd
GateAfter UNITARY 2 1 3 
MatrixBegin
1.0 0.0 0.0 0.0 0.0 0.0 0.0 0.0 0.0 0.0 1.0 0.0 0.0 0.0 0.0 0.0 0.0 0.0 0.0 0.0 0.0 0.0 1.0 0.0 0.0 0.0 0.0 0.0 1.0 0.0 0.0 0.0 
MatrixEnd
GateAfter UNITARY 2 3 4 
MatrixBegin
0.7071067811865475 0.0 0.0 0.0 0.0 0.0 0.7071067811865475 0.0 0.0 0.0 0.7071067811865475 0.0 0.7071067811865475 0.0 0.0 0.0 0.7071067811865475 0.0 0.0 0.0 0.0 0.0 -0.7071067811865475 0.0 0.0 0.0 0.7071067811865475 0.0 -0.7071067811865475 0.0 0.0 0.0 
MatrixEnd
GateAfter UNITARY 2 2 3 
MatrixBegin
1.0 0.0 0.0 0.0 0.0 0.0 0.0 0.0 0.0 0.0 1.0 0.0 0.0 0.0 0.0 0.0 0.0 0.0 0.0 0.0 0.0 0.0 1.0 0.0 0.0 0.0 0.0 0.0 1.0 0.0 0.0 0.0 
MatrixEnd
GateAfter UNITARY 2 1 3 
MatrixBegin
1.0 0.0 0.0 0.0 0.0 0.0 0.0 0.0 0.0 0.0 1.0 0.0 0.0 0.0 0.0 0.0 0.0 0.0 0.0 0.0 0.0 0.0 1.0 0.0 0.0 0.0 0.0 0.0 1.0 0.0 0.0 0.0 
MatrixEnd
GateAfter UNITARY 2 3 4 
MatrixBegin
0.7170322749954402 0.0 0.0 0.0 -0.6970399677313084 0.0 0.0 0.0 0.0 0.0 -0.6970399677313084 0.0 0.0 0.0 0.7170322749954402 0.0 0.6970399677313084 0.0 0.0 0.0 0.7170322749954402 0.0 0.0 0.0 0.0 0.0 0.7170322749954402 0.0 0.0 0.0 0.6970399677313084 0.0 
MatrixEnd
GateAfter UNITARY 2 0 1 
MatrixBegin
0.7071067811865475 0.0 0.0 0.0 0.4999999999999999 0.4999999999999999 0.0 0.0 0.0 0.0 0.7071067811865475 0.0 0.0 0.0 -0.4999999999999999 -0.4999999999999999 0.7071067811865475 0.0 0.0 0.0 -0.4999999999999999 -0.4999999999999999 0.0 0.0 0.0 0.0 0.7071067811865475 0.0 0.0 0.0 0.4999999999999999 0.4999999999999999 
MatrixEnd
GateAfter UNITARY 2 0 4 
MatrixBegin
1.0 0.0 0.0 0.0 0.0 0.0 0.0 0.0 0.0 0.0 0.0 0.0 1.0 0.0 0.0 0.0 0.0 0.0 0.0 0.0 0.0 0.0 1.0 0.0 0.0 0.0 1.0 0.0 0.0 0.0 0.0 0.0 
MatrixEnd
GateAfter UNITARY 2 0 1 
MatrixBegin
1.0 0.0 0.0 0.0 0.0 0.0 0.0 0.0 0.0 0.0 1.0 0.0 0.0 0.0 0.0 0.0 0.0 0.0 0.0 0.0 0.0 0.0 1.0 0.0 0.0 0.0 0.0 0.0 1.0 0.0 0.0 0.0 
MatrixEnd
GateAfter UNITARY 2 1 3 
MatrixBegin
1.0 0.0 0.0 0.0 0.0 0.0 0.0 0.0 0.0 0.0 1.0 0.0 0.0 0.0 0.0 0.0 0.0 0.0 0.0 0.0 0.0 0.0 1.0 0.0 0.0 0.0 0.0 0.0 1.0 0.0 0.0 0.0 
MatrixEnd
GateAfter UNITARY 2 0 4 
MatrixBegin
1.0 0.0 0.0 0.0 0.0 0.0 0.0 0.0 0.0 0.0 1.0 0.0 0.0 0.0 0.0 0.0 0.0 0.0 0.0 0.0 0.0 0.0 1.0 0.0 0.0 0.0 0.0 0.0 1.0 0.0 0.0 0.0 
MatrixEnd
Qubits 5
GateBefore CX 0 4
GateBefore CX 1 2
GateBefore CX 1 3
GateBefore CX 1 2
GateBefore TDG 2
GateBefore CX 1 2
GateBefore CX 2 1
GateBefore IP 3 1.5770795121020762
GateBefore CX 1 0
GateBefore CX 1 0
GateBefore IP 1 0.9236282401553992
GateBefore CX 4 0
GateBefore CX 3 4
GateBefore IP 0 1.8032741831605412
GateBefore CX 3 0
GateBefore Y 3
GateBefore CX 3 1
GateBefore CX 2 4
GateBefore H 4
GateBefore IP 3 0.4366813788489812
GateBefore CX 0 1
GateBefore X 0
GateBefore CX 1 2
GateBefore SDG 4
GateBefore CX 2 1
GateAfter UNITARY 2 1 3 
MatrixBegin
1.0 0.0 0.0 0.0 0.0 0.0 0.0 0.0 0.0 0.0 -0.006283143965558943 -0.9999802608561371 0.0 0.0 0.0 0.0 0.0 0.0 0.0 0.0 0.0 0.0 1.0 0.0 0.0 0.0 0.0 0.0 -0.006283143965558943 -0.9999802608561371 0.0 0.0 
MatrixEnd
GateAfter UNITARY 2 0 4 
MatrixBegin
1.0 0.0 0.0 0.0 0.0 0.0 0.0 0.0 0.0 0.0 0.0 0.0 1.0 0.0 0.0 0.0 0.0 0.0 0.0 0.0 0.0 0.0 -0.2303894266765905 -0.9730985109821266 0.0 0.0 -0.2303894266765905 -0.9730985109821266 0.0 0.0 0.0 0.0 
MatrixEnd
GateAfter UNITARY 2 1 2 
MatrixBegin
1.0 0.0 0.0 0.0 0.0 0.0 0.0 0.0 0.0 0.0 0.0 0.0 1.0 0.0 0.0 0.0 0.0 0.0 0.0 0.0 0.0 0.0 -0.13779029068463802 -0.9904614256966511 0.0 0.0 -0.13779029068463802 -0.9904614256966511 0.0 0.0 0.0 0.0 
MatrixEnd
GateAfter UNITARY 2 3 4 
MatrixBegin
1.0 0.0 0.0 0.0 0.0 0.0 0.0 0.0 0.0 0.0 1.0 0.0 0.0 0.0 0.0 0.0 0.0 0.0 0.0 0.0 0.0 0.0 1.0 0.0 0.0 0.0 0.0 0.0 1.0 0.0 0.0 0.0 
MatrixEnd
GateAfter UNITARY 2 2 4 
MatrixBegin
0.7071067811865475 0.0 0.7071067811865475 0.0 0.0 0.0 0.0 0.0 0.0 -0.7071067811865475 0.0 0.7071067811865475 0.0 0.0 0.0 0.0 0.0 0.0 0.0 0.0 0.7071067811865475 0.0 0.7071067811865475 0.0 0.0 0.0 0.0 0.0 0.0 0.7071067811865475 0.0 -0.7071067811865475 
MatrixEnd
GateAfter UNITARY 2 0 3 
MatrixBegin
0.0 0.0 0.0 0.0 0.0 0.0 0.0 -1.0 0.0 1.0 0.0 0.0 0.0 0.0 0.0 0.0 0.0 0.0 0.0 -1.0 0.0 0.0 0.0 0.0 0.0 0.0 0.0 0.0 0.0 1.0 0.0 0.0 
MatrixEnd
GateAfter UNITARY 2 1 3 
MatrixBegin
1.0 0.0 0.0 0.0 0.0 0.0 0.0 0.0 0.0 0.0 0.0 0.0 0.0 0.0 0.9061602102212899 -0.42293459708530323 0.0 0.0 0.0 0.0 1.0 0.0 0.0 0.0 0.0 0.0 0.9061602102212899 -0.42293459708530323 0.0 0.0 0.0 0.0 
MatrixEnd
GateAfter UNITARY 2 0 1 
MatrixBegin
0.0 0.0 0.0 0.0 0.0 0.0 1.0 0.0 0.0 0.0 0.0 0.0 1.0 0.0 0.0 0.0 1.0 0.0 0.0 0.0 0.0 0.0 0.0 0.0 0.0 0.0 1.0 0.0 0.0 0.0 0.0 0.0 
MatrixEnd
GateAfter UNITARY 2 1 2 
MatrixBegin
1.0 0.0 0.0 0.0 0.0 0.0 0.0 0.0 0.0 0.0 0.0 0.0 1.0 0.0 0.0 0.0 0.0 0.0 0.0 0.0 0.0 0.0 1.0 0.0 0.0 0.0 1.0 0.0 0.0 0.0 0.0 0.0 
MatrixEnd
Qubits 1
GateBefore SDG 0
GateAfter UNITARY 1 0 
MatrixBegin
1.0 0.0 0.0 0.0 0.0 0.0 0.0 -1.0 
MatrixEnd
Qubits 1
GateBefore X 0
GateAfter UNITARY 1 0 
MatrixBegin
0.0 0.0 1.0 0.0 1.0 0.0 0.0 0.0 
MatrixEnd
Qubits 4
GateBefore CX 0 2
GateBefore CX 0 2
GateBefore Z 3
GateBefore CX 3 0
GateBefore SDG 0
GateBefore SDG 1
GateBefore IP 2 1.105840614063607
GateBefore CX 1 2
GateBefore CX 2 3
GateBefore CX 0 1
GateBefore CX 2 1
GateBefore Y 1
GateBefore IP 2 1.200088393671301
GateBefore CX 3 0
GateBefore X 1
GateBefore SDG 3
GateAfter UNITARY 2 1 2 
MatrixBegin
1.0 0.0 0.0 0.0 0.0 0.0 0.0 0.0 0.0 0.0 0.44838321609003245 -0.8938414241512637 0.0 0.0 0.0 0.0 0.0 0.0 0.0 0.0 0.0 0.0 -0.8938414241512637 -0.44838321609003245 0.0 0.0 0.0 0.0 0.0 -1.0 0.0 0.0 
MatrixEnd
GateAfter UNITARY 2 0 3 
MatrixBegin
1.0 0.0 0.0 0.0 0.0 0.0 0.0 0.0 0.0 0.0 0.0 0.0 0.0 0.0 -1.0 0.0 0.0 0.0 0.0 0.0 0.0 -1.0 0.0 0.0 0.0 0.0 0.0 1.0 0.0 0.0 0.0 0.0 
MatrixEnd
GateAfter UNITARY 2 2 3 
MatrixBegin
1.0 0.0 0.0 0.0 0.0 0.0 0.0 0.0 0.0 0.0 1.0 0.0 0.0 0.0 0.0 0.0 0.0 0.0 0.0 0.0 0.0 0.0 1.0 0.0 0.0 0.0 0.0 0.0 1.0 0.0 0.0 0.0 
MatrixEnd
GateAfter UNITARY 2 0 1 
MatrixBegin
1.0 0.0 0.0 0.0 0.0 0.0 0.0 0.0 0.0 0.0 1.0 0.0 0.0 0.0 0.0 0.0 0.0 0.0 0.0 0.0 0.0 0.0 1.0 0.0 0.0 0.0 0.0 0.0 1.0 0.0 0.0 0.0 
MatrixEnd
GateAfter UNITARY 2 1 2 
MatrixBegin
0.0 1.0 0.0 0.0 0.0 0.0 0.0 0.0 0.0 0.0 0.0 0.0 0.0 0.0 0.932071112458211 0.36227536670454574 0.0 0.0 0.0 0.0 0.0 -1.0 0.0 0.0 0.0 0.0 -0.932071112458211 -0.36227536670454574 0.0 0.0 0.0 0.0 
MatrixEnd
GateAfter UNITARY 2 0 3 
MatrixBegin
1.0 0.0 0.0 0.0 0.0 0.0 0.0 0.0 0.0 0.0 0.0 0.0 0.0 0.0 0.0 -1.0 0.0 0.0 0.0 0.0 1.0 0.0 0.0 0.0 0.0 0.0 0.0 -1.0 0.0 0.0 0.0 0.0 
MatrixEnd
Qubits 1
GateBefore SDG 0
GateAfter UNITARY 1 0 
MatrixBegin
1.0 0.0 0.0 0.0 0.0 0.0 0.0 -1.0 
MatrixEnd
Qubits 2
GateBefore Y 0
GateBefore T 0
GateBefore H 1
GateBefore CX 0 1
GateAfter UNITARY 2 0 1 
MatrixBegin
0.0 0.0 0.0 0.0 0.0 -0.7071067811865475 0.0 -0.7071067811865475 0.0 0.0 0.0 0.0 0.0 -0.7071067811865475 0.0 0.7071067811865475 -0.4999999999999999 0.4999999999999999 0.4999999999999999 -0.4999999999999999 0.0 0.0 0.0 0.0 -0.4999999999999999 0.4999999999999999 -0.4999999999999999 0.4999999999999999 0.0 0.0 0.0 0.0 
MatrixEnd
Qubits 4
GateBefore CX 2 3
GateBefore CX 3 2
GateBefore CX 1 0
GateBefore RX 0 0.10053096491487339
GateBefore IP 0 1.3477432483900214
GateBefore T 2
GateBefore CX 2 3
GateBefore CX 0 2
GateBefore Z 1
GateBefore T 0
GateBefore T 2
GateBefore CX 1 2
GateBefore CX 1 2
GateBefore X 2
GateBefore TDG 1
GateBefore CX 1 0
GateAfter UNITARY 2 0 1 
MatrixBegin
0.9987369566060175 0.0 0.0 0.0 0.0 -0.050244318179769556 0.0 0.0 0.0 0.0 0.035528098101009584 0.035528098101009584 0.0 0.0 -0.7062136746377295 0.7062136746377295 -0.04899959709054339 -0.011114449798093163 0.0 0.0 0.22092869736995288 -0.9739948763566807 0.0 0.0 0.0 0.0 0.5324982018437575 0.8449385619817661 0.0 0.0 0.04250705019952098 -0.026788844556742724 
MatrixEnd
GateAfter UNITARY 2 2 3 
MatrixBegin
1.0 0.0 0.0 0.0 0.0 0.0 0.0 0.0 0.0 0.0 0.0 0.0 1.0 0.0 0.0 0.0 0.0 0.0 0.7071067811865475 0.7071067811865475 0.0 0.0 0.0 0.0 0.0 0.0 0.0 0.0 0.0 0.0 0.7071067811865475 0.7071067811865475 
MatrixEnd
GateAfter UNITARY 2 0 2 
MatrixBegin
0.0 0.0 0.7071067811865475 0.7071067811865475 0.0 0.0 0.0 0.0 1.0 0.0 0.0 0.0 0.0 0.0 0.0 0.0 0.0 0.0 0.0 0.0 2.2371143170757382e-17 0.9999999999999998 0.0 0.0 0.0 0.0 0.0 0.0 0.0 0.0 0.7071067811865475 0.7071067811865475 
MatrixEnd
GateAfter UNITARY 2 0 1 
MatrixBegin
1.0 0.0 0.0 0.0 0.0 0.0 0.0 0.0 0.0 0.0 0.0 0.0 0.0 0.0 1.0 0.0 0.0 0.0 0.0 0.0 1.0 0.0 0.0 0.0 0.0 0.0 1.0 0.0 0.0 0.0 0.0 0.0 
MatrixEnd
Qubits 4
GateBefore CX 2 3
GateBefore I 1
GateBefore IP 2 2.2399555620095226
GateBefore IP 3 0.48694686130641796
GateBefore IP 1 2.792875869041326
GateBefore I 1
GateBefore I 0
GateBefore IP 0 1.3948671381938682
GateBefore CX 2 0
GateBefore CX 2 3
GateBefore CX 2 0
GateBefore CX 3 2
GateBefore CX 0 1
GateBefore CX 1 0
GateBefore CX 2 0
GateBefore Z 1
GateAfter UNITARY 2 2 3 
MatrixBegin
1.0 0.0 0.0 0.0 0.0 0.0 0.0 0.0 0.0 0.0 0.0 0.0 0.0 0.0 -0.620326757976556 -0.78434349193341 0.0 0.0 0.0 0.0 -0.9152411726209175 -0.4029064357136627 0.0 0.0 0.0 0.0 0.8837656300886935 -0.4679298142605734 0.0 0.0 0.0 0.0 
MatrixEnd
GateAfter UNITARY 2 0 1 
MatrixBegin
1.0 0.0 0.0 0.0 0.0 0.0 0.0 0.0 0.0 0.0 0.0 0.0 -0.17502305897527604 0.9845643345292053 0.0 0.0 0.0 0.0 0.0 0.0 0.0 0.0 -0.5009066253607101 0.8655013302530188 0.0 0.0 0.9398119510863197 0.34169210789148347 0.0 0.0 0.0 0.0 
MatrixEnd
GateAfter UNITARY 2 0 2 
MatrixBegin
1.0 0.0 0.0 0.0 0.0 0.0 0.0 0.0 0.0 0.0 0.0 0.0 0.0 0.0 1.0 0.0 0.0 0.0 0.0 0.0 1.0 0.0 0.0 0.0 0.0 0.0 1.0 0.0 0.0 0.0 0.0 0.0 
MatrixEnd
Qubits 5
GateBefore IP 4 2.9153979825313283
GateBefore S 1
GateBefore CX 1 0
GateBefore CX 2 3
GateBefore CX 4 2
GateBefore SDG 2
GateBefore CX 4 3
GateBefore RY 2 2.3938936020354222
GateBefore CX 4 2
GateBefore CX 4 3
GateBefore IP 2 0.6440264939859076
GateBefore CX 4 0
GateBefore Z 4
GateBefore Y 2
GateBefore CX 2 3
GateBefore CX 4 1
GateBefore CX 0 1
GateBefore I 2
GateBefore I 0
GateBefore TDG 3
GateBefore IP 0 1.0901326507956584
GateBefore Y 2
GateBefore CX 2 3
GateBefore Z 2
GateBefore Y 0
GateAfter UNITARY 2 2 3 
MatrixBegin
1.0 0.0 0.0 0.0 0.0 0.0 0.0 0.0 0.0 0.0 1.0 0.0 0.0 0.0 0.0 0.0 0.0 0.0 0.0 0.0 0.0 0.0 1.0 0.0 0.0 0.0 0.0 0.0 1.0 0.0 0.0 0.0 
MatrixEnd
GateAfter UNITARY 2 0 1 
MatrixBegin
1.0 0.0 0.0 0.0 0.0 0.0 0.0 0.0 0.0 0.0 0.0 0.0 0.0 0.0 0.0 1.0 0.0 0.0 0.0 0.0 1.0 0.0 0.0 0.0 0.0 0.0 0.0 1.0 0.0 0.0 0.0 0.0 
MatrixEnd
GateAfter UNITARY 2 2 4 
MatrixBegin
-0.5589482355575336 -0.7444491541256527 0.0 0.0 -0.29204624623715825 0.21927452416435705 0.0 0.0 0.0 0.0 -0.8508414522384868 0.3777518977635752 0.0 0.0 0.14819148243963787 0.3337837794457103 0.0 0.36520176189158793 0.0 0.0 -0.9309283931169356 0.0 0.0 0.0 0.0 0.0 -0.35589893095235736 -0.08190407703948108 0.0 0.0 0.20878001911371966 -0.9072147357324807 
MatrixEnd
GateAfter UNITARY 2 0 4 
MatrixBegin
1.0 0.0 0.0 0.0 0.0 0.0 0.0 0.0 0.0 0.0 0.0 0.0 0.0 0.0 -1.0 0.0 0.0 0.0 0.0 0.0 1.0 0.0 0.0 0.0 0.0 0.0 -1.0 0.0 0.0 0.0 0.0 0.0 
MatrixEnd
GateAfter UNITARY 2 2 3 
MatrixBegin
0.0 0.0 0.0 0.0 0.0 0.0 0.0 -1.0 0.0 0.0 0.0 0.0 -0.7071067811865475 -0.7071067811865475 0.0 0.0 0.0 0.0 -0.7071067811865475 -0.7071067811865475 0.0 0.0 0.0 0.0 0.0 -1.0 0.0 0.0 0.0 0.0 0.0 0.0 
MatrixEnd
GateAfter UNITARY 2 1 4 
MatrixBegin
1.0 0.0 0.0 0.0 0.0 0.0 0.0 0.0 0.0 0.0 0.0 0.0 0.0 0.0 1.0 0.0 0.0 0.0 0.0 0.0 1.0 0.0 0.0 0.0 0.0 0.0 1.0 0.0 0.0 0.0 0.0 0.0 
MatrixEnd
GateAfter UNITARY 2 0 1 
MatrixBegin
0.0 0.0 0.0 0.0 0.0 0.0 -0.8866882557005565 -0.4623677510409917 0.0 0.0 0.0 0.0 -0.8866882557005565 -0.4623677510409917 0.0 0.0 0.0 1.0 0.0 0.0 0.0 0.0 0.0 0.0 0.0 0.0 0.0 1.0 0.0 0.0 0.0 0.0 
MatrixEnd
Qubits 4
GateBefore CX 3 1
GateBefore IP 3 0.20420352248333654
GateBefore CX 3 2
GateBefore CX 2 3
GateBefore CX 0 1
GateBefore T 3
GateBefore CX 3 0
GateBefore H 1
GateBefore RX 1 0.6660176425610361
GateBefore CX 1 2
GateBefore RY 0 2.0326104468725963
GateBefore X 2
GateBefore CX 3 2
GateBefore CX 2 0
GateBefore CX 3 0
GateBefore CX 2 3
GateAfter UNITARY 2 1 3 
MatrixBegin
1.0 0.0 0.0 0.0 0.0 0.0 0.0 0.0 0.0 0.0 0.0 0.0 0.0 0.0 0.9792228106217657 -0.20278729535651246 0.0 0.0 0.0 0.0 1.0 0.0 0.0 0.0 0.0 0.0 0.9792228106217657 -0.20278729535651246 0.0 0.0 0.0 0.0 
MatrixEnd
GateAfter UNITARY 2 0 1 
MatrixBegin
0.6682605091086519 -0.23114474245771904 0.6682605091086519 0.23114474245771904 0.0 0.0 0.0 0.0 0.6682605091086519 -0.23114474245771904 -0.6682605091086519 -0.23114474245771904 0.0 0.0 0.0 0.0 0.0 0.0 0.0 0.0 0.6682605091086519 0.23114474245771904 0.6682605091086519 -0.23114474245771904 0.0 0.0 0.0 0.0 -0.6682605091086519 -0.23114474245771904 0.6682605091086519 -0.23114474245771904 
MatrixEnd
GateAfter UNITARY 2 2 3 
MatrixBegin
1.0 0.0 0.0 0.0 0.0 0.0 0.0 0.0 0.0 0.0 0.0 0.0 0.0 0.0 0.7071067811865475 0.7071067811865475 0.0 0.0 1.0 0.0 0.0 0.0 0.0 0.0 0.0 0.0 0.0 0.0 0.7071067811865475 0.7071067811865475 0.0 0.0 
MatrixEnd
GateAfter UNITARY 2 1 2 
MatrixBegin
0.0 0.0 1.0 0.0 0.0 0.0 0.0 0.0 1.0 0.0 0.0 0.0 0.0 0.0 0.0 0.0 0.0 0.0 0.0 0.0 1.0 0.0 0.0 0.0 0.0 0.0 0.0 0.0 0.0 0.0 1.0 0.0 
MatrixEnd
GateAfter UNITARY 2 0 3 
MatrixBegin
0.526510720509613 0.0 0.0 0.0 -0.8501684898821222 0.0 0.0 0.0 0.0 0.0 -0.8501684898821222 0.0 0.0 0.0 0.526510720509613 0.0 0.8501684898821222 0.0 0.0 0.0 0.526510720509613 0.0 0.0 0.0 0.0 0.0 0.526510720509613 0.0 0.0 0.0 0.8501684898821222 0.0 
MatrixEnd
GateAfter UNITARY 2 2 3 
MatrixBegin
1.0 0.0 0.0 0.0 0.0 0.0 0.0 0.0 0.0 0.0 0.0 0.0 0.0 0.0 1.0 0.0 0.0 0.0 0.0 0.0 1.0 0.0 0.0 0.0 0.0 0.0 1.0 0.0 0.0 0.0 0.0 0.0 
MatrixEnd
GateAfter UNITARY 2 0 2 
MatrixBegin
1.0 0.0 0.0 0.0 0.0 0.0 0.0 0.0 0.0 0.0 0.0 0.0 0.0 0.0 1.0 0.0 0.0 0.0 0.0 0.0 1.0 0.0 0.0 0.0 0.0 0.0 1.0 0.0 0.0 0.0 0.0 0.0 
MatrixEnd
GateAfter UNITARY 2 0 3 
MatrixBegin
1.0 0.0 0.0 0.0 0.0 0.0 0.0 0.0 0.0 0.0 0.0 0.0 0.0 0.0 1.0 0.0 0.0 0.0 0.0 0.0 1.0 0.0 0.0 0.0 0.0 0.0 1.0 0.0 0.0 0.0 0.0 0.0 
MatrixEnd
GateAfter UNITARY 2 2 3 
MatrixBegin
1.0 0.0 0.0 0.0 0.0 0.0 0.0 0.0 0.0 0.0 1.0 0.0 0.0 0.0 0.0 0.0 0.0 0.0 0.0 0.0 0.0 0.0 1.0 0.0 0.0 0.0 0.0 0.0 1.0 0.0 0.0 0.0 
MatrixEnd
Qubits 4
GateBefore CX 3 2
GateBefore CX 3 0
GateBefore RY 2 1.1592476891746337
GateBefore CX 3 0
GateBefore TDG 2
GateBefore CX 0 2
GateBefore CX 3 0
GateBefore S 3
GateBefore CX 0 3
GateBefore CX 1 0
GateBefore Y 1
GateBefore CX 0 3
GateBefore CX 0 3
GateBefore IP 0 2.9656634649887645
GateBefore IP 3 2.211681228127214
GateBefore T 0
GateAfter UNITARY 2 2 3 
MatrixBegin
0.8366687329036698 0.0 0.0 0.0 -0.5477092580752745 0.0 0.0 0.0 0.0 0.0 -0.5477092580752745 0.0 0.0 0.0 0.8366687329036698 0.0 0.38728893050367935 -0.38728893050367935 0.0 0.0 0.5916141346429412 -0.5916141346429412 0.0 0.0 0.0 0.0 0.5916141346429412 -0.5916141346429412 0.0 0.0 0.38728893050367935 -0.38728893050367935 
MatrixEnd
GateAfter UNITARY 2 0 2 
MatrixBegin
1.0 0.0 0.0 0.0 0.0 0.0 0.0 0.0 0.0 0.0 1.0 0.0 0.0 0.0 0.0 0.0 0.0 0.0 0.0 0.0 0.0 0.0 1.0 0.0 0.0 0.0 0.0 0.0 1.0 0.0 0.0 0.0 
MatrixEnd
GateAfter UNITARY 2 0 3 
MatrixBegin
1.0 0.0 0.0 0.0 0.0 0.0 0.0 0.0 0.0 0.0 0.0 0.0 0.0 0.0 0.8015669848708769 -0.5979049830575185 0.0 0.0 0.0 1.0 0.0 0.0 0.0 0.0 0.0 0.0 0.0 0.0 -0.5979049830575185 -0.8015669848708769 0.0 0.0 
MatrixEnd
GateAfter UNITARY 2 0 1 
MatrixBegin
0.0 0.0 0.0 0.0 0.0 0.0 0.0 -1.0 0.0 1.0 0.0 0.0 0.0 0.0 0.0 0.0 0.0 0.0 -0.8199521093254524 0.5724321255945907 0.0 0.0 0.0 0.0 0.0 0.0 0.0 0.0 0.8199521093254524 -0.5724321255945907 0.0 0.0 
MatrixEnd
Qubits 2
GateBefore Y 0
GateBefore X 0
GateBefore IP 1 2.4818581963359367
GateBefore CX 1 0
GateAfter UNITARY 2 0 1 
MatrixBegin
0.0 1.0 0.0 0.0 0.0 0.0 0.0 0.0 0.0 0.0 0.0 0.0 0.0 0.0 -0.6129070536529764 0.7901550123756904 0.0 0.0 0.0 0.0 0.0 -1.0 0.0 0.0 0.0 0.0 0.6129070536529764 -0.7901550123756904 0.0 0.0 0.0 0.0 
MatrixEnd
Qubits 3
GateBefore Z 2
GateBefore CX 2 0
GateBefore I 1
GateBefore IP 0 2.538406864100553
GateBefore CX 1 2
GateBefore CX 1 0
GateBefore CX 2 0
GateBefore RY 1 1.3728759896187397
GateBefore TDG 2
GateAfter UNITARY 2 0 2 
MatrixBegin
1.0 0.0 0.0 0.0 0.0 0.0 0.0 0.0 0.0 0.0 0.0 0.0 0.0 0.0 -1.0 0.0 0.0 0.0 0.0 0.0 -0.8235325976284275 -0.5672689491267564 0.0 0.0 0.0 0.0 0.8235325976284275 0.5672689491267564 0.0 0.0 0.0 0.0 
MatrixEnd
GateAfter UNITARY 2 1 2 
MatrixBegin
1.0 0.0 0.0 0.0 0.0 0.0 0.0 0.0 0.0 0.0 1.0 0.0 0.0 0.0 0.0 0.0 0.0 0.0 0.0 0.0 0.0 0.0 1.0 0.0 0.0 0.0 0.0 0.0 1.0 0.0 0.0 0.0 
MatrixEnd
GateAfter UNITARY 2 0 1 
MatrixBegin
0.7735084662159232 0.0 0.0 0.0 0.0 0.0 -0.6337859675728786 0.0 0.6337859675728786 0.0 0.0 0.0 0.0 0.0 0.7735084662159232 0.0 0.0 0.0 -0.6337859675728786 0.0 0.7735084662159232 0.0 0.0 0.0 0.0 0.0 0.7735084662159232 0.0 0.6337859675728786 0.0 0.0 0.0 
MatrixEnd
GateAfter UNITARY 2 0 2 
MatrixBegin
1.0 0.0 0.0 0.0 0.0 0.0 0.0 0.0 0.0 0.0 0.0 0.0 0.0 0.0 0.7071067811865475 -0.7071067811865475 0.0 0.0 0.0 0.0 1.0 0.0 0.0 0.0 0.0 0.0 0.7071067811865475 -0.7071067811865475 0.0 0.0 0.0 0.0 
MatrixEnd
Qubits 3
GateBefore CX 1 2
GateBefore Y 2
GateBefore CX 1 0
GateBefore CX 1 2
GateBefore Z 1
GateBefore CX 0 1
GateBefore H 1
GateBefore CX 1 0
GateBefore CX 1 2
GateAfter UNITARY 2 1 2 
MatrixBegin
0.0 0.0 0.0 -1.0 0.0 0.0 0.0 0.0 0.0 1.0 0.0 0.0 0.0 0.0 0.0 0.0 0.0 0.0 0.0 0.0 0.0 -1.0 0.0 0.0 0.0 0.0 0.0 0.0 0.0 0.0 0.0 1.0 
MatrixEnd
GateAfter UNITARY 2 0 1 
MatrixBegin
1.0 0.0 0.0 0.0 0.0 0.0 0.0 0.0 0.0 0.0 0.0 0.0 0.0 0.0 1.0 0.0 0.0 0.0 0.0 0.0 1.0 0.0 0.0 0.0 0.0 0.0 1.0 0.0 0.0 0.0 0.0 0.0 
MatrixEnd
GateAfter UNITARY 2 1 2 
MatrixBegin
1.0 0.0 0.0 0.0 0.0 0.0 0.0 0.0 0.0 0.0 1.0 0.0 0.0 0.0 0.0 0.0 0.0 0.0 0.0 0.0 0.0 0.0 -1.0 0.0 0.0 0.0 0.0 0.0 -1.0 0.0 0.0 0.0 
MatrixEnd
GateAfter UNITARY 2 0 1 
MatrixBegin
0.7071067811865475 0.0 0.7071067811865475 0.0 0.0 0.0 0.0 0.0 0.0 0.0 0.0 0.0 -0.7071067811865475 0.0 0.7071067811865475 0.0 0.0 0.0 0.0 0.0 0.7071067811865475 0.0 0.7071067811865475 0.0 0.7071067811865475 0.0 -0.7071067811865475 0.0 0.0 0.0 0.0 0.0 
MatrixEnd
GateAfter UNITARY 2 1 2 
MatrixBegin
1.0 0.0 0.0 0.0 0.0 0.0 0.0 0.0 0.0 0.0 1.0 0.0 0.0 0.0 0.0 0.0 0.0 0.0 0.0 0.0 0.0 0.0 1.0 0.0 0.0 0.0 0.0 0.0 1.0 0.0 0.0 0.0 
MatrixEnd
Qubits 4
GateBefore CX 2 3
GateBefore CX 2 1
GateBefore CX 1 2
GateBefore CX 3 1
GateBefore CX 1 2
GateBefore CX 1 3
GateBefore I 2
GateBefore CX 3 1
GateBefore CX 3 2
GateBefore CX 2 0
GateBefore Y 3
GateBefore I 3
GateBefore CX 3 1
GateBefore RX 3 0.6628760499074464
GateBefore I 2
GateBefore CX 2 0
GateAfter UNITARY 2 2 3 
MatrixBegin
1.0 0.0 0.0 0.0 0.0 0.0 0.0 0.0 0.0 0.0 1.0 0.0 0.0 0.0 0.0 0.0 0.0 0.0 0.0 0.0 0.0 0.0 1.0 0.0 0.0 0.0 0.0 0.0 1.0 0.0 0.0 0.0 
MatrixEnd
GateAfter UNITARY 2 1 2 
MatrixBegin
1.0 0.0 0.0 0.0 0.0 0.0 0.0 0.0 0.0 0.0 0.0 0.0 0.0 0.0 1.0 0.0 0.0 0.0 1.0 0.0 0.0 0.0 0.0 0.0 0.0 0.0 0.0 0.0 1.0 0.0 0.0 0.0 
MatrixEnd
GateAfter UNITARY 2 1 3 
MatrixBegin
1.0 0.0 0.0 0.0 0.0 0.0 0.0 0.0 0.0 0.0 0.0 0.0 0.0 0.0 1.0 0.0 0.0 0.0 0.0 0.0 1.0 0.0 0.0 0.0 0.0 0.0 1.0 0.0 0.0 0.0 0.0 0.0 
MatrixEnd
GateAfter UNITARY 2 1 2 
MatrixBegin
1.0 0.0 0.0 0.0 0.0 0.0 0.0 0.0 0.0 0.0 1.0 0.0 0.0 0.0 0.0 0.0 0.0 0.0 0.0 0.0 0.0 0.0 1.0 0.0 0.0 0.0 0.0 0.0 1.0 0.0 0.0 0.0 
MatrixEnd
GateAfter UNITARY 2 1 3 
MatrixBegin
1.0 0.0 0.0 0.0 0.0 0.0 0.0 0.0 0.0 0.0 0.0 0.0 1.0 0.0 0.0 0.0 0.0 0.0 0.0 0.0 0.0 0.0 1.0 0.0 0.0 0.0 1.0 0.0 0.0 0.0 0.0 0.0 
MatrixEnd
GateAfter UNITARY 2 2 3 
MatrixBegin
0.0 0.0 0.0 0.0 0.0 0.0 0.0 -1.0 0.0 1.0 0.0 0.0 0.0 0.0 0.0 0.0 0.0 0.0 0.0 -1.0 0.0 0.0 0.0 0.0 0.0 0.0 0.0 0.0 0.0 1.0 0.0 0.0 
MatrixEnd
GateAfter UNITARY 2 1 3 
MatrixBegin
0.9455753835603061 0.0 0.0 0.0 0.0 0.0 0.0 -0.3254031253764782 0.0 -0.3254031253764782 0.0 0.0 0.0 0.0 0.9455753835603061 0.0 0.0 0.0 0.0 -0.3254031253764782 0.9455753835603061 0.0 0.0 0.0 0.0 0.0 0.9455753835603061 0.0 0.0 -0.3254031253764782 0.0 0.0 
MatrixEnd
Qubits 3
GateBefore CX 0 1
GateBefore CX 0 1
GateBefore TDG 2
GateBefore S 2
GateBefore IP 1 1.8158405537749005
GateBefore CX 2 0
GateBefore CX 2 0
GateBefore CX 0 1
GateBefore CX 2 0
GateAfter UNITARY 2 0 1 
MatrixBegin
1.0 0.0 0.0 0.0 0.0 0.0 0.0 0.0 0.0 0.0 -0.24259923079540743 -0.9701265964901058 0.0 0.0 0.0 0.0 0.0 0.0 0.0 0.0 0.0 0.0 -0.24259923079540743 -0.9701265964901058 0.0 0.0 0.0 0.0 1.0 0.0 0.0 0.0 
MatrixEnd
GateAfter UNITARY 2 0 2 
MatrixBegin
1.0 0.0 0.0 0.0 0.0 0.0 0.0 0.0 0.0 0.0 0.0 0.0 0.0 0.0 0.7071067811865475 0.7071067811865475 0.0 0.0 0.0 0.0 1.0 0.0 0.0 0.0 0.0 0.0 0.7071067811865475 0.7071067811865475 0.0 0.0 0.0 0.0 
MatrixEnd
Qubits 3
GateBefore Y 0
GateBefore I 1
GateBefore CX 1 0
GateBefore TDG 1
GateBefore IP 2 2.8023006470020957
GateBefore RY 0 2.7646015351590183
GateBefore RX 0 0.5529203070318035
GateBefore TDG 2
GateBefore IP 1 1.9195131113433637
GateAfter UNITARY 1 2 
MatrixBegin
1.0 0.0 0.0 0.0 0.0 0.0 -0.9021339593682027 0.4314560456809591 
MatrixEnd
GateAfter UNITARY 2 0 1 
MatrixBegin
0.0511460924959543 -0.9449875166472183 0.0 0.0 -0.26811720632038766 -0.18026600976964444 0.0 0.0 0.0 0.0 -0.16671641183312746 -0.27674592793536434 0.0 0.0 0.446014468531964 -0.8346786347192736 -0.26811720632038766 0.18026600976964444 0.0 0.0 -0.0511460924959543 -0.9449875166472183 0.0 0.0 0.0 0.0 0.353321360675701 -0.8779415387638019 0.0 0.0 -0.3191978762533273 0.04995384268186378 
MatrixEnd
Qubits 5
GateBefore CX 1 3
GateBefore H 2
GateBefore S 4
GateBefore IP 3 1.6933184402848986
GateBefore CX 2 3
GateBefore TDG 2
GateBefore RY 3 0.21048670779051615
GateBefore CX 2 3
GateBefore CX 4 0
GateBefore S 3
GateBefore CX 1 4
GateBefore CX 0 4
GateBefore H 2
GateBefore CX 4 0
GateBefore RX 4 2.054601595447725
GateBefore CX 4 3
GateBefore RX 4 0.1790707812546182
GateBefore CX 3 2
GateBefore RY 2 0.38641589639154456
GateBefore CX 3 4
GateBefore IP 1 2.8431413514987627
GateBefore CX 2 3
GateBefore SDG 3
GateBefore IP 4 0.5560618996853934
GateBefore CX 3 4
GateAfter UNITARY 2 1 3 
MatrixBegin
1.0 0.0 0.0 0.0 0.0 0.0 0.0 0.0 0.0 0.0 -0.12221579993988953 -0.9925035507468237 0.0 0.0 0.0 0.0 0.0 0.0 0.0 0.0 0.0 0.0 1.0 0.0 0.0 0.0 0.0 0.0 -0.12221579993988953 -0.9925035507468237 0.0 0.0 
MatrixEnd
GateAfter UNITARY 2 0 4 
MatrixBegin
1.0 0.0 0.0 0.0 0.0 0.0 0.0 0.0 0.0 0.0 0.0 0.0 0.0 0.0 0.0 1.0 0.0 0.0 0.0 0.0 1.0 0.0 0.0 0.0 0.0 0.0 0.0 1.0 0.0 0.0 0.0 0.0 
MatrixEnd
GateAfter UNITARY 2 2 3 
MatrixBegin
0.8488307036410698 -0.3515971896068284 -0.01538409613853052 -0.03714049354249194 0.14563632442741298 0.3515971896068284 -0.0896650832235144 0.03714049354249194 -0.03714049354249194 0.01538409613853052 0.3515971896068284 0.8488307036410698 0.03714049354249194 0.0896650832235144 -0.3515971896068284 0.14563632442741298 0.14563632442741298 0.3515971896068284 -0.0896650832235144 0.03714049354249194 0.8488307036410698 -0.3515971896068284 -0.01538409613853052 -0.03714049354249194 0.03714049354249194 0.0896650832235144 -0.3515971896068284 0.14563632442741298 -0.03714049354249194 0.01538409613853052 0.3515971896068284 0.8488307036410698 
MatrixEnd
GateAfter UNITARY 2 1 4 
MatrixBegin
1.0 0.0 0.0 0.0 0.0 0.0 0.0 0.0 0.0 0.0 1.0 0.0 0.0 0.0 0.0 0.0 0.0 0.0 0.0 0.0 0.0 0.0 -0.9557930147983301 -0.29404032523230417 0.0 0.0 0.0 0.0 -0.9557930147983301 -0.29404032523230417 0.0 0.0 
MatrixEnd
GateAfter UNITARY 2 0 4 
MatrixBegin
0.5171309901381572 0.0 0.0 0.0 0.0 -0.855906267671133 0.0 0.0 0.0 -0.855906267671133 0.0 0.0 0.5171309901381572 0.0 0.0 0.0 0.0 0.0 0.0 -0.855906267671133 0.0 0.0 0.5171309901381572 0.0 0.0 0.0 0.5171309901381572 0.0 0.0 0.0 0.0 -0.855906267671133 
MatrixEnd
GateAfter UNITARY 2 3 4 
MatrixBegin
0.9959943839327459 0.0 0.0 0.0 0.0 0.0 0.0 -0.08941581053946851 0.0 -0.08941581053946851 0.0 0.0 0.0 0.0 0.9959943839327459 0.0 0.0 0.0 0.0 -0.08941581053946851 0.9959943839327459 0.0 0.0 0.0 0.0 0.0 0.9959943839327459 0.0 0.0 -0.08941581053946851 0.0 0.0 
MatrixEnd
GateAfter UNITARY 2 2 3 
MatrixBegin
0.9813933337401133 0.0 0.0 0.0 -0.19200813652152002 0.0 0.0 0.0 0.0 0.0 -0.19200813652152002 0.0 0.0 0.0 0.9813933337401133 0.0 0.19200813652152002 0.0 0.0 0.0 0.9813933337401133 0.0 0.0 0.0 0.0 0.0 0.9813933337401133 0.0 0.0 0.0 0.19200813652152002 0.0 
MatrixEnd
GateAfter UNITARY 2 3 4 
MatrixBegin
1.0 0.0 0.0 0.0 0.0 0.0 0.0 0.0 0.0 0.0 0.8493404002633166 -0.5278455119450665 0.0 0.0 0.0 0.0 0.0 0.0 0.0 0.0 0.0 0.0 1.0 0.0 0.0 0.0 0.0 0.0 0.8493404002633166 -0.5278455119450665 0.0 0.0 
MatrixEnd
GateAfter UNITARY 2 2 3 
MatrixBegin
1.0 0.0 0.0 0.0 0.0 0.0 0.0 0.0 0.0 0.0 0.0 -1.0 0.0 0.0 0.0 0.0 0.0 0.0 0.0 0.0 0.0 0.0 1.0 0.0 0.0 0.0 0.0 0.0 0.0 -1.0 0.0 0.0 
MatrixEnd
GateAfter UNITARY 2 3 4 
MatrixBegin
1.0 0.0 0.0 0.0 0.0 0.0 0.0 0.0 0.0 0.0 1.0 0.0 0.0 0.0 0.0 0.0 0.0 0.0 0.0 0.0 0.0 0.0 1.0 0.0 0.0 0.0 0.0 0.0 1.0 0.0 0.0 0.0 
MatrixEnd
Qubits 5
GateBefore RY 2 0.16336281798666927
GateBefore CX 0 3
GateBefore CX 4 0
GateBefore CX 1 2
GateBefore CX 0 1
GateBefore CX 0 4
GateBefore RX 3 1.5519467708733579
GateBefore CX 1 0
GateBefore CX 2 1
GateBefore CX 3 2
GateBefore CX 4 0
GateBefore T 3
GateBefore IP 0 1.7404423300887455
GateBefore Y 1
GateBefore H 4
GateBefore S 2
GateBefore I 1
GateBefore CX 0 2
GateBefore CX 3 4
GateBefore IP 0 0.6754424205218055
GateBefore CX 3 0
GateBefore CX 2 1
GateBefore Z 3
GateBefore T 4
GateBefore CX 2 0
GateAfter UNITARY 2 0 3 
MatrixBegin
0.7137396022764213 0.0 0.0 -0.7004111507838063 0.0 0.0 0.0 0.0 0.0 -0.7004111507838063 0.7137396022764213 0.0 0.0 0.0 0.0 0.0 0.0 0.0 0.0 0.0 0.0 -0.7004111507838063 0.7137396022764213 0.0 0.0 0.0 0.0 0.0 0.7137396022764213 0.0 0.0 -0.7004111507838063 
MatrixEnd
GateAfter UNITARY 2 1 2 
MatrixBegin
0.9966659280340299 0.0 -0.08159061156815756 0.0 0.0 0.0 0.0 0.0 0.08159061156815756 0.0 0.9966659280340299 0.0 0.0 0.0 0.0 0.0 0.0 0.0 0.0 0.0 0.08159061156815756 0.0 0.9966659280340299 0.0 0.0 0.0 0.0 0.0 0.9966659280340299 0.0 -0.08159061156815756 0.0 
MatrixEnd
GateAfter UNITARY 2 0 4 
MatrixBegin
1.0 0.0 0.0 0.0 0.0 0.0 0.0 0.0 0.0 0.0 0.0 0.0 0.0 0.0 1.0 0.0 0.0 0.0 0.0 0.0 1.0 0.0 0.0 0.0 0.0 0.0 1.0 0.0 0.0 0.0 0.0 0.0 
MatrixEnd
GateAfter UNITARY 2 0 1 
MatrixBegin
1.0 0.0 0.0 0.0 0.0 0.0 0.0 0.0 0.0 0.0 1.0 0.0 0.0 0.0 0.0 0.0 0.0 0.0 0.0 0.0 0.0 0.0 1.0 0.0 0.0 0.0 0.0 0.0 1.0 0.0 0.0 0.0 
MatrixEnd
GateAfter UNITARY 2 0 4 
MatrixBegin
1.0 0.0 0.0 0.0 0.0 0.0 0.0 0.0 0.0 0.0 1.0 0.0 0.0 0.0 0.0 0.0 0.0 0.0 0.0 0.0 0.0 0.0 1.0 0.0 0.0 0.0 0.0 0.0 1.0 0.0 0.0 0.0 
MatrixEnd
GateAfter UNITARY 2 0 1 
MatrixBegin
1.0 0.0 0.0 0.0 0.0 0.0 0.0 0.0 0.0 0.0 0.0 0.0 0.0 0.0 1.0 0.0 0.0 0.0 0.0 0.0 1.0 0.0 0.0 0.0 0.0 0.0 1.0 0.0 0.0 0.0 0.0 0.0 
MatrixEnd
GateAfter UNITARY 2 1 2 
MatrixBegin
0.0 0.0 0.0 0.0 0.0 -1.0 0.0 0.0 0.0 0.0 0.0 -1.0 0.0 0.0 0.0 0.0 0.0 1.0 0.0 0.0 0.0 0.0 0.0 0.0 0.0 0.0 0.0 0.0 0.0 0.0 0.0 1.0 
MatrixEnd
GateAfter UNITARY 2 0 4 
MatrixBegin
0.7071067811865475 0.0 0.0 0.0 0.0 0.0 0.7071067811865475 0.0 0.7071067811865475 0.0 0.0 0.0 0.0 0.0 -0.7071067811865475 0.0 0.0 0.0 -0.11938327364745818 -0.6969559770697257 -0.11938327364745818 -0.6969559770697257 0.0 0.0 0.0 0.0 0.11938327364745818 0.6969559770697257 -0.11938327364745818 -0.6969559770697257 0.0 0.0 
MatrixEnd
GateAfter UNITARY 2 2 3 
MatrixBegin
1.0 0.0 0.0 0.0 0.0 0.0 0.0 0.0 0.0 0.0 0.0 0.0 0.0 0.0 0.7071067811865475 0.7071067811865475 0.0 0.0 0.0 0.0 0.0 1.0 0.0 0.0 0.0 0.0 -0.7071067811865475 0.7071067811865475 0.0 0.0 0.0 0.0 
MatrixEnd
GateAfter UNITARY 2 3 4 
MatrixBegin
1.0 0.0 0.0 0.0 0.0 0.0 0.0 0.0 0.0 0.0 0.7071067811865475 0.7071067811865475 0.0 0.0 0.0 0.0 0.0 0.0 0.0 0.0 0.0 0.0 1.0 0.0 0.0 0.0 0.0 0.0 0.7071067811865475 0.7071067811865475 0.0 0.0 
MatrixEnd
GateAfter UNITARY 2 0 2 
MatrixBegin
1.0 0.0 0.0 0.0 0.0 0.0 0.0 0.0 0.0 0.0 1.0 0.0 0.0 0.0 0.0 0.0 0.0 0.0 0.0 0.0 0.0 0.0 0.7804304073383298 -0.6252426563357051 0.0 0.0 0.0 0.0 0.7804304073383298 -0.6252426563357051 0.0 0.0 
MatrixEnd
GateAfter UNITARY 2 1 2 
MatrixBegin
1.0 0.0 0.0 0.0 0.0 0.0 0.0 0.0 0.0 0.0 0.0 0.0 0.0 0.0 1.0 0.0 0.0 0.0 0.0 0.0 1.0 0.0 0.0 0.0 0.0 0.0 1.0 0.0 0.0 0.0 0.0 0.0 
MatrixEnd
GateAfter UNITARY 2 0 3 
MatrixBegin
1.0 0.0 0.0 0.0 0.0 0.0 0.0 0.0 0.0 0.0 0.0 0.0 0.0 0.0 -1.0 0.0 0.0 0.0 0.0 0.0 1.0 0.0 0.0 0.0 0.0 0.0 -1.0 0.0 0.0 0.0 0.0 0.0 
MatrixEnd
GateAfter UNITARY 2 0 2 
MatrixBegin
1.0 0.0 0.0 0.0 0.0 0.0 0.0 0.0 0.0 0.0 0.0 0.0 0.0 0.0 1.0 0.0 0.0 0.0 0.0 0.0 1.0 0.0 0.0 0.0 0.0 0.0 1.0 0.0 0.0 0.0 0.0 0.0 
MatrixEnd
Qubits 5
GateBefore CX 3 2
GateBefore Z 1
GateBefore CX 2 1
GateBefore CX 0 2
GateBefore CX 2 3
GateBefore CX 2 3
GateBefore S 2
GateBefore CX 4 3
GateBefore CX 1 0
GateBefore CX 1 3
GateBefore CX 3 0
GateBefore I 0
GateBefore RX 1 1.5205308443374599
GateBefore IP 4 2.6326546437082468
GateBefore CX 2 3
GateBefore CX 3 0
GateBefore CX 0 3
GateBefore T 0
GateBefore Z 2
GateBefore CX 2 4
GateBefore CX 4 0
GateBefore CX 3 2
GateBefore X 3
GateBefore X 3
GateBefore CX 1 2
GateAfter UNITARY 2 2 3 
MatrixBegin
1.0 0.0 0.0 0.0 0.0 0.0 0.0 0.0 0.0 0.0 0.0 0.0 0.0 0.0 1.0 0.0 0.0 0.0 0.0 0.0 1.0 0.0 0.0 0.0 0.0 0.0 1.0 0.0 0.0 0.0 0.0 0.0 
MatrixEnd
GateAfter UNITARY 2 1 2 
MatrixBegin
1.0 0.0 0.0 0.0 0.0 0.0 0.0 0.0 0.0 0.0 0.0 0.0 0.0 0.0 -1.0 0.0 0.0 0.0 0.0 0.0 -1.0 0.0 0.0 0.0 0.0 0.0 1.0 0.0 0.0 0.0 0.0 0.0 
MatrixEnd
GateAfter UNITARY 2 3 4 
MatrixBegin
1.0 0.0 0.0 0.0 0.0 0.0 0.0 0.0 0.0 0.0 0.0 0.0 0.0 0.0 -0.8732624548099202 -0.4872501257253323 0.0 0.0 0.0 0.0 1.0 0.0 0.0 0.0 0.0 0.0 -0.8732624548099202 -0.4872501257253323 0.0 0.0 0.0 0.0 
MatrixEnd
GateAfter UNITARY 2 0 2 
MatrixBegin
1.0 0.0 0.0 0.0 0.0 0.0 0.0 0.0 0.0 0.0 0.0 1.0 0.0 0.0 0.0 0.0 0.0 0.0 0.0 0.0 0.0 0.0 1.0 0.0 0.0 0.0 0.0 0.0 0.0 1.0 0.0 0.0 
MatrixEnd
GateAfter UNITARY 2 0 1 
MatrixBegin
1.0 0.0 0.0 0.0 0.0 0.0 0.0 0.0 0.0 0.0 0.0 0.0 0.0 0.0 1.0 0.0 0.0 0.0 0.0 0.0 1.0 0.0 0.0 0.0 0.0 0.0 1.0 0.0 0.0 0.0 0.0 0.0 
MatrixEnd
GateAfter UNITARY 2 1 3 
MatrixBegin
0.7246531301870467 0.0 0.0 0.0 0.0 0.0 0.0 -0.6891138083873485 0.0 0.0 0.7246531301870467 0.0 0.0 -0.6891138083873485 0.0 0.0 0.0 -0.6891138083873485 0.0 0.0 0.0 0.0 0.7246531301870467 0.0 0.0 0.0 0.0 -0.6891138083873485 0.7246531301870467 0.0 0.0 0.0 
MatrixEnd
GateAfter UNITARY 2 0 3 
MatrixBegin
1.0 0.0 0.0 0.0 0.0 0.0 0.0 0.0 0.0 0.0 0.0 0.0 0.0 0.0 1.0 0.0 0.0 0.0 0.0 0.0 1.0 0.0 0.0 0.0 0.0 0.0 1.0 0.0 0.0 0.0 0.0 0.0 
MatrixEnd
GateAfter UNITARY 2 2 3 
MatrixBegin
1.0 0.0 0.0 0.0 0.0 0.0 0.0 0.0 0.0 0.0 1.0 0.0 0.0 0.0 0.0 0.0 0.0 0.0 0.0 0.0 0.0 0.0 -1.0 0.0 0.0 0.0 0.0 0.0 -1.0 0.0 0.0 0.0 
MatrixEnd
GateAfter UNITARY 2 0 3 
MatrixBegin
1.0 0.0 0.0 0.0 0.0 0.0 0.0 0.0 0.0 0.0 0.0 0.0 0.0 0.0 1.0 0.0 0.0 0.0 0.7071067811865475 0.7071067811865475 0.0 0.0 0.0 0.0 0.0 0.0 0.0 0.0 0.7071067811865475 0.7071067811865475 0.0 0.0 
MatrixEnd
GateAfter UNITARY 2 2 4 
MatrixBegin
1.0 0.0 0.0 0.0 0.0 0.0 0.0 0.0 0.0 0.0 1.0 0.0 0.0 0.0 0.0 0.0 0.0 0.0 0.0 0.0 0.0 0.0 1.0 0.0 0.0 0.0 0.0 0.0 1.0 0.0 0.0 0.0 
MatrixEnd
GateAfter UNITARY 2 2 3 
MatrixBegin
1.0 0.0 0.0 0.0 0.0 0.0 0.0 0.0 0.0 0.0 0.0 0.0 0.0 0.0 1.0 0.0 0.0 0.0 0.0 0.0 1.0 0.0 0.0 0.0 0.0 0.0 1.0 0.0 0.0 0.0 0.0 0.0 
MatrixEnd
GateAfter UNITARY 2 0 4 
MatrixBegin
1.0 0.0 0.0 0.0 0.0 0.0 0.0 0.0 0.0 0.0 0.0 0.0 0.0 0.0 1.0 0.0 0.0 0.0 0.0 0.0 1.0 0.0 0.0 0.0 0.0 0.0 1.0 0.0 0.0 0.0 0.0 0.0 
MatrixEnd
GateAfter UNITARY 2 1 2 
MatrixBegin
1.0 0.0 0.0 0.0 0.0 0.0 0.0 0.0 0.0 0.0 1.0 0.0 0.0 0.0 0.0 0.0 0.0 0.0 0.0 0.0 0.0 0.0 1.0 0.0 0.0 0.0 0.0 0.0 1.0 0.0 0.0 0.0 
MatrixEnd
Qubits 2
GateBefore CX 0 1
GateBefore CX 0 1
GateBefore RX 1 3.113318319707485
GateBefore CX 1 0
GateAfter UNITARY 2 0 1 
MatrixBegin
0.014136696038032805 0.0 0.0 -0.9999000719197535 0.0 0.0 0.0 0.0 0.0 0.0 0.0 0.0 0.0 -0.9999000719197535 0.014136696038032805 0.0 0.0 0.0 0.0 0.0 0.014136696038032805 0.0 0.0 -0.9999000719197535 0.0 -0.9999000719197535 0.014136696038032805 0.0 0.0 0.0 0.0 0.0 
MatrixEnd
Qubits 4
GateBefore T 1
GateBefore CX 3 1
GateBefore CX 2 3
GateBefore SDG 0
GateBefore RY 1 0.7791149780902686
GateBefore RX 0 1.6147786239451536
GateBefore CX 1 2
GateBefore X 2
GateBefore CX 3 1
GateBefore CX 3 1
GateBefore X 2
GateBefore CX 2 1
GateBefore CX 3 2
GateBefore CX 1 3
GateBefore IP 3 2.086017521983623
GateBefore X 0
GateAfter UNITARY 1 0 
MatrixBegin
0.0 -0.7224846428533498 0.0 -0.6913869689552065 0.6913869689552065 0.0 -0.7224846428533498 0.0 
MatrixEnd
GateAfter UNITARY 2 1 3 
MatrixBegin
0.925077206834458 0.0 0.0 0.0 -0.2685443737963591 -0.2685443737963591 0.0 0.0 0.0 0.0 -0.37977909552180106 0.0 0.0 0.0 0.6541283660737557 0.6541283660737557 0.37977909552180106 0.0 0.0 0.0 0.6541283660737557 0.6541283660737557 0.0 0.0 0.0 0.0 0.925077206834458 0.0 0.0 0.0 0.2685443737963591 0.2685443737963591 
MatrixEnd
GateAfter UNITARY 2 2 3 
MatrixBegin
1.0 0.0 0.0 0.0 0.0 0.0 0.0 0.0 0.0 0.0 1.0 0.0 0.0 0.0 0.0 0.0 0.0 0.0 0.0 0.0 0.0 0.0 1.0 0.0 0.0 0.0 0.0 0.0 1.0 0.0 0.0 0.0 
MatrixEnd
GateAfter UNITARY 2 1 2 
MatrixBegin
1.0 0.0 0.0 0.0 0.0 0.0 0.0 0.0 0.0 0.0 0.0 0.0 1.0 0.0 0.0 0.0 0.0 0.0 0.0 0.0 0.0 0.0 1.0 0.0 0.0 0.0 1.0 0.0 0.0 0.0 0.0 0.0 
MatrixEnd
GateAfter UNITARY 2 2 3 
MatrixBegin
1.0 0.0 0.0 0.0 0.0 0.0 0.0 0.0 0.0 0.0 0.0 0.0 0.0 0.0 1.0 0.0 0.0 0.0 0.0 0.0 1.0 0.0 0.0 0.0 0.0 0.0 1.0 0.0 0.0 0.0 0.0 0.0 
MatrixEnd
GateAfter UNITARY 2 1 3 
MatrixBegin
1.0 0.0 0.0 0.0 0.0 0.0 0.0 0.0 0.0 0.0 -0.49272734154829184 -0.8701837546695255 0.0 0.0 0.0 0.0 0.0 0.0 0.0 0.0 0.0 0.0 1.0 0.0 0.0 0.0 0.0 0.0 -0.49272734154829184 -0.8701837546695255 0.0 0.0 
MatrixEnd
Qubits 4
GateBefore CX 0 3
GateBefore S 0
GateBefore S 2
GateBefore RX 0 0.015707963267948967
GateBefore Y 1
GateBefore Y 0
GateBefore S 2
GateBefore CX 2 3
GateBefore X 1
GateBefore T 2
GateBefore CX 1 0
GateBefore RY 2 2.761459942505428
GateBefore CX 1 3
GateBefore X 3
GateBefore CX 3 1
GateBefore T 2
GateAfter UNITARY 2 0 3 
MatrixBegin
-0.007853900888711334 0.0 0.0 0.0 0.0 0.0 0.9999691576447897 0.0 0.0 0.0 -0.007853900888711334 0.0 0.9999691576447897 0.0 0.0 0.0 0.0 0.9999691576447897 0.0 0.0 0.0 0.0 0.0 0.007853900888711334 0.0 0.0 0.0 0.9999691576447897 0.0 0.007853900888711334 0.0 0.0 
MatrixEnd
GateAfter UNITARY 2 2 3 
MatrixBegin
0.18892405598412135 0.0 0.0 0.0 0.0 0.0 0.69437299093157 0.69437299093157 0.0 0.0 0.18892405598412135 0.0 0.69437299093157 0.69437299093157 0.0 0.0 0.69437299093157 0.69437299093157 0.0 0.0 0.0 0.0 -4.846214461628537e-18 -0.18892405598412132 0.0 0.0 0.69437299093157 0.69437299093157 -4.846214461628537e-18 -0.18892405598412132 0.0 0.0 
MatrixEnd
GateAfter UNITARY 2 0 1 
MatrixBegin
0.0 1.0 0.0 0.0 0.0 0.0 0.0 0.0 0.0 0.0 0.0 0.0 0.0 0.0 0.0 -1.0 0.0 0.0 0.0 0.0 0.0 1.0 0.0 0.0 0.0 0.0 0.0 -1.0 0.0 0.0 0.0 0.0 
MatrixEnd
GateAfter UNITARY 2 1 3 
MatrixBegin
0.0 0.0 1.0 0.0 0.0 0.0 0.0 0.0 0.0 0.0 0.0 0.0 0.0 0.0 1.0 0.0 0.0 0.0 0.0 0.0 1.0 0.0 0.0 0.0 1.0 0.0 0.0 0.0 0.0 0.0 0.0 0.0 
MatrixEnd
Qubits 3
GateBefore IP 0 2.9311059457992767
GateBefore CX 1 2
GateBefore X 1
GateBefore CX 0 2
GateBefore CX 0 2
GateBefore CX 0 2
GateBefore IP 1 0.3361504139341079
GateBefore IP 2 1.8629644435787474
GateBefore CX 1 2
GateAfter UNITARY 2 1 2 
MatrixBegin
0.0 0.0 0.0 0.0 0.0 0.0 1.0 0.0 0.0 0.0 0.0 0.0 1.0 0.0 0.0 0.0 0.9440314641410498 -0.3298554148588529 0.0 0.0 0.0 0.0 0.0 0.0 0.0 0.0 0.9440314641410498 -0.3298554148588529 0.0 0.0 0.0 0.0 
MatrixEnd
GateAfter UNITARY 2 0 2 
MatrixBegin
1.0 0.0 0.0 0.0 0.0 0.0 0.0 0.0 0.0 0.0 -0.28802913601476915 -0.9576216459576222 0.0 0.0 0.0 0.0 0.0 0.0 0.0 0.0 0.0 0.0 -0.9779293398307217 -0.20893589040241203 0.0 0.0 0.0 0.0 0.08159061156815715 0.9966659280340299 0.0 0.0 
MatrixEnd
GateAfter UNITARY 2 1 2 
MatrixBegin
1.0 0.0 0.0 0.0 0.0 0.0 0.0 0.0 0.0 0.0 1.0 0.0 0.0 0.0 0.0 0.0 0.0 0.0 0.0 0.0 0.0 0.0 1.0 0.0 0.0 0.0 0.0 0.0 1.0 0.0 0.0 0.0 
MatrixEnd
Qubits 2
GateBefore CX 0 1
GateBefore CX 1 0
GateBefore CX 1 0
GateBefore X 0
GateAfter UNITARY 2 0 1 
MatrixBegin
0.0 0.0 0.0 0.0 0.0 0.0 1.0 0.0 0.0 0.0 0.0 0.0 1.0 0.0 0.0 0.0 1.0 0.0 0.0 0.0 0.0 0.0 0.0 0.0 0.0 0.0 1.0 0.0 0.0 0.0 0.0 0.0 
MatrixEnd
Qubits 3
GateBefore CX 0 1
GateBefore CX 1 2
GateBefore T 0
GateBefore SDG 0
GateBefore CX 1 2
GateBefore RY 0 2.9970793915246627
GateBefore TDG 0
GateBefore CX 1 2
GateBefore T 2
GateAfter UNITARY 2 0 1 
MatrixBegin
0.07219377188286061 0.0 0.0 0.0 0.0 0.0 -0.7052616745936665 0.7052616745936665 0.0 0.0 0.07219377188286061 0.0 -0.7052616745936665 0.7052616745936665 0.0 0.0 0.7052616745936665 -0.7052616745936665 0.0 0.0 0.0 0.0 2.9707227865573335e-18 -0.0721937718828606 0.0 0.0 0.7052616745936665 -0.7052616745936665 2.9707227865573335e-18 -0.0721937718828606 0.0 0.0 
MatrixEnd
GateAfter UNITARY 2 1 2 
MatrixBegin
1.0 0.0 0.0 0.0 0.0 0.0 0.0 0.0 0.0 0.0 0.7071067811865475 0.7071067811865475 0.0 0.0 0.0 0.0 0.0 0.0 0.0 0.0 0.0 0.0 1.0 0.0 0.0 0.0 0.0 0.0 0.7071067811865475 0.7071067811865475 0.0 0.0 
MatrixEnd
Qubits 3
GateBefore CX 1 2
GateBefore IP 0 2.1802653015913167
GateBefore CX 0 1
GateBefore T 0
GateBefore CX 1 2
GateBefore IP 1 0.5969026041820608
GateBefore TDG 0
GateBefore CX 1 2
GateBefore CX 1 0
GateAfter UNITARY 2 1 2 
MatrixBegin
1.0 0.0 0.0 0.0 0.0 0.0 0.0 0.0 0.0 0.0 1.0 0.0 0.0 0.0 0.0 0.0 0.0 0.0 0.0 0.0 0.0 0.0 1.0 0.0 0.0 0.0 0.0 0.0 1.0 0.0 0.0 0.0 
MatrixEnd
GateAfter UNITARY 2 0 1 
MatrixBegin
1.0 0.0 0.0 0.0 0.0 0.0 0.0 0.0 0.0 0.0 0.0 0.0 -0.9343289424566121 -0.35641187871325053 0.0 0.0 0.0 0.0 0.0 0.0 0.0 0.0 -0.572432125594591 -0.8199521093254523 0.0 0.0 0.8270805742745618 -0.5620833778521306 0.0 0.0 0.0 0.0 
MatrixEnd
Qubits 4
GateBefore IP 1 1.5707963267948966
GateBefore S 2
GateBefore IP 3 2.689203311472863
GateBefore CX 2 3
GateBefore S 2
GateBefore CX 0 1
GateBefore CX 2 1
GateBefore CX 0 2
GateBefore CX 3 2
GateBefore CX 0 1
GateBefore Y 0
GateBefore IP 1 1.4199998794225865
GateBefore CX 1 0
GateBefore RY 1 0.6565928646002668
GateBefore CX 0 1
GateBefore I 3
GateAfter UNITARY 2 2 3 
MatrixBegin
1.0 0.0 0.0 0.0 0.0 0.0 0.0 0.0 0.0 0.0 -0.8994052515663711 -0.4371157666509329 0.0 0.0 0.0 0.0 0.0 0.0 0.0 0.0 0.0 0.0 0.8994052515663711 0.4371157666509329 0.0 0.0 0.0 0.0 -1.0 0.0 0.0 0.0 
MatrixEnd
GateAfter UNITARY 2 1 2 
MatrixBegin
1.0 0.0 0.0 0.0 0.0 0.0 0.0 0.0 0.0 0.0 0.0 0.0 0.0 0.0 6.123233995736766e-17 -1.0 0.0 0.0 0.0 0.0 -0.9886517447379141 -0.15022558912075712 0.0 0.0 0.0 0.0 0.15022558912075706 -0.9886517447379141 0.0 0.0 0.0 0.0 
MatrixEnd
GateAfter UNITARY 2 0 2 
MatrixBegin
0.0 0.0 0.0 0.0 0.0 0.0 0.0 -1.0 0.0 0.0 0.0 0.0 0.0 -1.0 0.0 0.0 0.0 1.0 0.0 0.0 0.0 0.0 0.0 0.0 0.0 0.0 0.0 1.0 0.0 0.0 0.0 0.0 
MatrixEnd
GateAfter UNITARY 2 2 3 
MatrixBegin
1.0 0.0 0.0 0.0 0.0 0.0 0.0 0.0 0.0 0.0 0.0 0.0 0.0 0.0 1.0 0.0 0.0 0.0 0.0 0.0 1.0 0.0 0.0 0.0 0.0 0.0 1.0 0.0 0.0 0.0 0.0 0.0 
MatrixEnd
GateAfter UNITARY 2 0 1 
MatrixBegin
0.9465929997232092 0.0 0.0 0.0 0.0 0.0 -0.3224309117857909 0.0 0.3224309117857909 0.0 0.0 0.0 0.0 0.0 0.9465929997232092 0.0 0.0 0.0 0.9465929997232092 0.0 0.3224309117857909 0.0 0.0 0.0 0.0 0.0 -0.3224309117857909 0.0 0.9465929997232092 0.0 0.0 0.0 
MatrixEnd
Qubits 2
GateBefore CX 1 0
GateBefore X 1
GateBefore IP 0 3.069336022557228
GateBefore SDG 0
GateAfter UNITARY 2 0 1 
MatrixBegin
0.0 0.0 0.0 0.0 0.0 0.0 1.0 0.0 1.0 0.0 0.0 0.0 0.0 0.0 0.0 0.0 0.0 0.0 -0.07219377188286066 0.9973906252323237 0.0 0.0 0.0 0.0 0.0 0.0 0.0 0.0 -0.07219377188286066 0.9973906252323237 0.0 0.0 
MatrixEnd
Qubits 3
GateBefore I 2
GateBefore T 0
GateBefore CX 2 0
GateBefore S 2
GateBefore CX 0 1
GateBefore CX 1 2
GateBefore IP 0 3.1007519490931257
GateBefore CX 0 1
GateBefore T 0
GateAfter UNITARY 2 0 2 
MatrixBegin
1.0 0.0 0.0 0.0 0.0 0.0 0.0 0.0 0.0 0.0 0.0 0.0 0.0 0.0 -0.7071067811865475 0.7071067811865475 0.0 0.0 0.0 0.0 0.7071067811865475 0.7071067811865475 0.0 0.0 0.0 0.0 0.0 1.0 0.0 0.0 0.0 0.0 
MatrixEnd
GateAfter UNITARY 2 0 1 
MatrixBegin
1.0 0.0 0.0 0.0 0.0 0.0 0.0 0.0 0.0 0.0 1.0 0.0 0.0 0.0 0.0 0.0 0.0 0.0 0.0 0.0 0.0 0.0 -0.9991661343425401 -0.040829351978510245 0.0 0.0 0.0 0.0 -0.9991661343425401 -0.040829351978510245 0.0 0.0 
MatrixEnd
GateAfter UNITARY 2 1 2 
MatrixBegin
1.0 0.0 0.0 0.0 0.0 0.0 0.0 0.0 0.0 0.0 1.0 0.0 0.0 0.0 0.0 0.0 0.0 0.0 0.0 0.0 0.0 0.0 1.0 0.0 0.0 0.0 0.0 0.0 1.0 0.0 0.0 0.0 
MatrixEnd
GateAfter UNITARY 2 0 1 
MatrixBegin
1.0 0.0 0.0 0.0 0.0 0.0 0.0 0.0 0.0 0.0 1.0 0.0 0.0 0.0 0.0 0.0 0.0 0.0 0.0 0.0 0.0 0.0 0.7071067811865475 0.7071067811865475 0.0 0.0 0.0 0.0 0.7071067811865475 0.7071067811865475 0.0 0.0 
MatrixEnd
Qubits 2
GateBefore Y 0
GateBefore T 0
GateBefore CX 1 0
GateBefore CX 1 0
GateAfter UNITARY 1 0 
MatrixBegin
0.0 0.0 0.0 -1.0 -0.7071067811865475 0.7071067811865475 0.0 0.0 
MatrixEnd
Qubits 4
GateBefore CX 3 2
GateBefore CX 3 1
GateBefore IP 3 0.5246459731494955
GateBefore CX 2 1
GateBefore T 2
GateBefore CX 2 1
GateBefore CX 2 3
GateBefore RY 3 1.7373007374351555
GateBefore CX 1 2
GateBefore CX 1 0
GateBefore T 3
GateBefore IP 2 0.3298672286269283
GateBefore CX 2 1
GateBefore CX 3 1
GateBefore T 2
GateBefore CX 0 1
GateAfter UNITARY 2 2 3 
MatrixBegin
1.0 0.0 0.0 0.0 0.0 0.0 0.0 0.0 0.0 0.0 0.0 0.0 0.0 0.0 1.0 0.0 0.0 0.0 0.0 0.0 0.7071067811865475 0.7071067811865475 0.0 0.0 0.0 0.0 0.7071067811865475 0.7071067811865475 0.0 0.0 0.0 0.0 
MatrixEnd
GateAfter UNITARY 2 1 3 
MatrixBegin
1.0 0.0 0.0 0.0 0.0 0.0 0.0 0.0 0.0 0.0 0.0 0.0 0.0 0.0 0.865501330253019 -0.5009066253607098 0.0 0.0 0.0 0.0 1.0 0.0 0.0 0.0 0.0 0.0 0.865501330253019 -0.5009066253607098 0.0 0.0 0.0 0.0 
MatrixEnd
GateAfter UNITARY 2 2 3 
MatrixBegin
0.6458575218931342 0.0 -0.7634579630955851 0.0 0.0 0.0 0.0 0.0 0.5398463028557571 0.5398463028557571 0.4566902334109742 0.4566902334109742 0.0 0.0 0.0 0.0 0.0 0.0 0.0 0.0 -0.7634579630955851 0.0 0.6458575218931342 0.0 0.0 0.0 0.0 0.0 0.4566902334109742 0.4566902334109742 0.5398463028557571 0.5398463028557571 
MatrixEnd
GateAfter UNITARY 2 1 2 
MatrixBegin
1.0 0.0 0.0 0.0 0.0 0.0 0.0 0.0 0.0 0.0 0.9460853588275453 -0.3239174181981494 0.0 0.0 0.0 0.0 0.0 0.0 0.0 0.0 0.0 0.0 1.0 0.0 0.0 0.0 0.0 0.0 0.9460853588275453 -0.3239174181981494 0.0 0.0 
MatrixEnd
GateAfter UNITARY 2 0 1 
MatrixBegin
1.0 0.0 0.0 0.0 0.0 0.0 0.0 0.0 0.0 0.0 0.0 0.0 0.0 0.0 1.0 0.0 0.0 0.0 0.0 0.0 1.0 0.0 0.0 0.0 0.0 0.0 1.0 0.0 0.0 0.0 0.0 0.0 
MatrixEnd
GateAfter UNITARY 2 1 2 
MatrixBegin
1.0 0.0 0.0 0.0 0.0 0.0 0.0 0.0 0.0 0.0 0.0 0.0 0.0 0.0 0.7071067811865475 0.7071067811865475 0.0 0.0 0.0 0.0 1.0 0.0 0.0 0.0 0.0 0.0 0.7071067811865475 0.7071067811865475 0.0 0.0 0.0 0.0 
MatrixEnd
GateAfter UNITARY 2 1 3 
MatrixBegin
1.0 0.0 0.0 0.0 0.0 0.0 0.0 0.0 0.0 0.0 0.0 0.0 0.0 0.0 1.0 0.0 0.0 0.0 0.0 0.0 1.0 0.0 0.0 0.0 0.0 0.0 1.0 0.0 0.0 0.0 0.0 0.0 
MatrixEnd
GateAfter UNITARY 2 0 1 
MatrixBegin
1.0 0.0 0.0 0.0 0.0 0.0 0.0 0.0 0.0 0.0 1.0 0.0 0.0 0.0 0.0 0.0 0.0 0.0 0.0 0.0 0.0 0.0 1.0 0.0 0.0 0.0 0.0 0.0 1.0 0.0 0.0 0.0 
MatrixEnd
Qubits 4
GateBefore IP 2 3.1353094682826135
GateBefore CX 2 3
GateBefore CX 3 0
GateBefore CX 2 3
GateBefore Y 0
GateBefore CX 2 1
GateBefore CX 0 1
GateBefore CX 2 0
GateBefore CX 2 0
GateBefore CX 0 1
GateBefore X 2
GateBefore TDG 3
GateBefore IP 2 0.24818581963359368
GateBefore CX 1 2
GateBefore CX 1 3
GateBefore CX 1 0
GateAfter UNITARY 2 2 3 
MatrixBegin
1.0 0.0 0.0 0.0 0.0 0.0 0.0 0.0 0.0 0.0 1.0 0.0 0.0 0.0 0.0 0.0 0.0 0.0 0.0 0.0 0.0 0.0 -0.9999802608561371 -0.006283143965559127 0.0 0.0 0.0 0.0 -0.9999802608561371 -0.006283143965559127 0.0 0.0 
MatrixEnd
GateAfter UNITARY 2 0 3 
MatrixBegin
0.0 0.0 0.0 0.0 0.0 -1.0 0.0 0.0 0.0 0.0 0.0 -1.0 0.0 0.0 0.0 0.0 0.0 1.0 0.0 0.0 0.0 0.0 0.0 0.0 0.0 0.0 0.0 0.0 0.0 0.0 0.0 1.0 
MatrixEnd
GateAfter UNITARY 2 2 3 
MatrixBegin
1.0 0.0 0.0 0.0 0.0 0.0 0.0 0.0 0.0 0.0 0.7071067811865475 -0.7071067811865475 0.0 0.0 0.0 0.0 0.0 0.0 0.0 0.0 0.0 0.0 1.0 0.0 0.0 0.0 0.0 0.0 0.7071067811865475 -0.7071067811865475 0.0 0.0 
MatrixEnd
GateAfter UNITARY 2 1 2 
MatrixBegin
0.0 0.0 0.0 0.0 0.0 0.0 1.0 0.0 0.9693596624036293 -0.24564577119242634 0.0 0.0 0.0 0.0 0.0 0.0 0.0 0.0 0.0 0.0 0.9693596624036293 -0.24564577119242634 0.0 0.0 0.0 0.0 1.0 0.0 0.0 0.0 0.0 0.0 
MatrixEnd
GateAfter UNITARY 2 1 3 
MatrixBegin
1.0 0.0 0.0 0.0 0.0 0.0 0.0 0.0 0.0 0.0 1.0 0.0 0.0 0.0 0.0 0.0 0.0 0.0 0.0 0.0 0.0 0.0 1.0 0.0 0.0 0.0 0.0 0.0 1.0 0.0 0.0 0.0 
MatrixEnd
GateAfter UNITARY 2 0 1 
MatrixBegin
1.0 0.0 0.0 0.0 0.0 0.0 0.0 0.0 0.0 0.0 0.0 0.0 0.0 0.0 1.0 0.0 0.0 0.0 0.0 0.0 1.0 0.0 0.0 0.0 0.0 0.0 1.0 0.0 0.0 0.0 0.0 0.0 
MatrixEnd
Qubits 3
GateBefore CX 1 2
GateBefore IP 0 1.124690169985146
GateBefore CX 2 0
GateBefore CX 1 2
GateBefore Y 1
GateBefore CX 1 0
GateBefore SDG 0
GateBefore CX 1 0
GateBefore H 0
GateAfter UNITARY 2 1 2 
MatrixBegin
1.0 0.0 0.0 0.0 0.0 0.0 0.0 0.0 0.0 0.0 1.0 0.0 0.0 0.0 0.0 0.0 0.0 0.0 0.0 0.0 0.0 0.0 1.0 0.0 0.0 0.0 0.0 0.0 1.0 0.0 0.0 0.0 
MatrixEnd
GateAfter UNITARY 2 0 2 
MatrixBegin
1.0 0.0 0.0 0.0 0.0 0.0 0.0 0.0 0.0 0.0 0.0 0.0 0.0 0.0 0.431456045680959 -0.9021339593682028 0.0 0.0 0.0 0.0 0.431456045680959 -0.9021339593682028 0.0 0.0 0.0 0.0 1.0 0.0 0.0 0.0 0.0 0.0 
MatrixEnd
GateAfter UNITARY 2 1 2 
MatrixBegin
0.0 0.0 0.0 0.0 0.0 0.0 0.0 -1.0 0.0 0.0 0.0 0.0 0.0 -1.0 0.0 0.0 0.0 1.0 0.0 0.0 0.0 0.0 0.0 0.0 0.0 0.0 0.0 1.0 0.0 0.0 0.0 0.0 
MatrixEnd
GateAfter UNITARY 2 0 1 
MatrixBegin
0.7071067811865475 0.0 0.0 0.0 0.0 -0.7071067811865475 0.0 0.0 0.0 0.0 0.0 -0.7071067811865475 0.0 0.0 0.7071067811865475 0.0 0.7071067811865475 0.0 0.0 0.0 0.0 0.7071067811865475 0.0 0.0 0.0 0.0 0.0 -0.7071067811865475 0.0 0.0 -0.7071067811865475 0.0 
MatrixEnd
Qubits 2
GateBefore CX 1 0
GateBefore CX 1 0
GateBefore CX 0 1
GateBefore CX 0 1
Qubits 4
GateBefore IP 1 1.5833626974092558
GateBefore CX 1 2
GateBefore T 3
GateBefore CX 2 0
GateBefore CX 3 2
GateBefore CX 1 3
GateBefore CX 1 3
GateBefore CX 1 0
GateBefore H 0
GateBefore S 0
GateBefore IP 1 0.6000441968356505
GateBefore TDG 2
GateBefore CX 1 2
GateBefore CX 3 0
GateBefore CX 3 0
GateBefore CX 1 0
GateAfter UNITARY 2 1 2 
MatrixBegin
1.0 0.0 0.0 0.0 0.0 0.0 0.0 0.0 0.0 0.0 1.0 0.0 0.0 0.0 0.0 0.0 0.0 0.0 0.0 0.0 0.0 0.0 -0.012566039883352653 -0.9999210442038161 0.0 0.0 0.0 0.0 -0.012566039883352653 -0.9999210442038161 0.0 0.0 
MatrixEnd
GateAfter UNITARY 2 0 2 
MatrixBegin
1.0 0.0 0.0 0.0 0.0 0.0 0.0 0.0 0.0 0.0 0.0 0.0 0.0 0.0 1.0 0.0 0.0 0.0 0.0 0.0 1.0 0.0 0.0 0.0 0.0 0.0 1.0 0.0 0.0 0.0 0.0 0.0 
MatrixEnd
GateAfter UNITARY 2 2 3 
MatrixBegin
1.0 0.0 0.0 0.0 0.0 0.0 0.0 0.0 0.0 0.0 0.0 0.0 0.0 0.0 0.7071067811865475 0.7071067811865475 0.0 0.0 0.0 0.0 0.7071067811865475 -0.7071067811865475 0.0 0.0 0.0 0.0 0.9999999999999998 -2.2371143170757382e-17 0.0 0.0 0.0 0.0 
MatrixEnd
GateAfter UNITARY 2 0 1 
MatrixBegin
0.7071067811865475 0.0 0.0 0.0 0.7071067811865475 0.0 0.0 0.0 0.0 0.0 0.5835827633473563 -0.3992883147850229 0.0 0.0 0.5835827633473563 -0.3992883147850229 0.0 0.7071067811865475 0.0 0.0 0.0 -0.7071067811865475 0.0 0.0 0.0 0.0 -0.3992883147850229 -0.5835827633473563 0.0 0.0 0.3992883147850229 0.5835827633473563 
MatrixEnd
GateAfter UNITARY 2 1 2 
MatrixBegin
1.0 0.0 0.0 0.0 0.0 0.0 0.0 0.0 0.0 0.0 1.0 0.0 0.0 0.0 0.0 0.0 0.0 0.0 0.0 0.0 0.0 0.0 1.0 0.0 0.0 0.0 0.0 0.0 1.0 0.0 0.0 0.0 
MatrixEnd
GateAfter UNITARY 2 0 1 
MatrixBegin
1.0 0.0 0.0 0.0 0.0 0.0 0.0 0.0 0.0 0.0 0.0 0.0 0.0 0.0 1.0 0.0 0.0 0.0 0.0 0.0 1.0 0.0 0.0 0.0 0.0 0.0 1.0 0.0 0.0 0.0 0.0 0.0 
MatrixEnd
Qubits 1
GateBefore T 0
GateAfter UNITARY 1 0 
MatrixBegin
1.0 0.0 0.0 0.0 0.0 0.0 0.7071067811865475 0.7071067811865475 
MatrixEnd
Qubits 3
GateBefore RY 0 0.4523893421169302
GateBefore Z 2
GateBefore Y 1
GateBefore Z 0
GateBefore IP 0 1.017876019763093
GateBefore IP 2 0.9770353152664256
GateBefore CX 2 0
GateBefore CX 1 0
GateBefore S 2
GateAfter UNITARY 2 0 2 
MatrixBegin
0.9745268727865771 0.0 0.0 0.0 -0.22427076094938117 0.0 0.0 0.0 0.0 0.0 0.20440110638279066 -0.09229063834596427 0.0 0.0 0.8881869850269801 -0.4010318009982106 -0.11778131389272946 0.19085317999581983 0.0 0.0 -0.5117967898030293 0.8293169911020147 0.0 0.0 0.0 0.0 -0.8077291208716475 -0.5452304953678774 0.0 0.0 0.1858850993619867 0.12547551176225108 
MatrixEnd
GateAfter UNITARY 2 0 1 
MatrixBegin
0.0 0.0 0.0 -1.0 0.0 0.0 0.0 0.0 0.0 0.0 0.0 0.0 0.0 1.0 0.0 0.0 0.0 0.0 0.0 0.0 0.0 0.0 0.0 -1.0 0.0 1.0 0.0 0.0 0.0 0.0 0.0 0.0 
MatrixEnd
Qubits 5
GateBefore CX 0 1
GateBefore IP 3 3.0599112445964582
GateBefore TDG 1
GateBefore CX 0 1
GateBefore T 3
GateBefore CX 1 4
GateBefore Y 2
GateBefore IP 4 1.8158405537749005
GateBefore IP 4 1.3446016557364315
GateBefore TDG 1
GateBefore I 0
GateBefore CX 4 0
GateBefore T 0
GateBefore CX 2 3
GateBefore CX 1 4
GateBefore CX 2 4
GateBefore CX 4 0
GateBefore I 1
GateBefore CX 4 1
GateBefore S 0
GateBefore CX 2 3
GateBefore T 4
GateBefore CX 4 0
GateBefore IP 3 2.3247785636564466
GateBefore TDG 4
GateAfter UNITARY 1 3 
MatrixBegin
1.0 0.0 0.0 0.0 0.0 0.0 -0.11285638487348242 0.9936113105200083 
MatrixEnd
GateAfter UNITARY 2 0 1 
MatrixBegin
1.0 0.0 0.0 0.0 0.0 0.0 0.0 0.0 0.0 0.0 0.7071067811865475 -0.7071067811865475 0.0 0.0 0.0 0.0 0.0 0.0 0.0 0.0 0.7071067811865475 -0.7071067811865475 0.0 0.0 0.0 0.0 0.0 0.0 0.0 0.0 1.0 0.0 
MatrixEnd
GateAfter UNITARY 2 1 4 
MatrixBegin
1.0 0.0 0.0 0.0 0.0 0.0 0.0 0.0 0.0 0.0 -0.999822352380809 0.018848439715408196 0.0 0.0 0.0 0.0 0.0 0.0 0.0 0.0 0.0 0.0 0.7071067811865475 -0.7071067811865475 0.0 0.0 0.0 0.0 -0.6936533058128048 0.7203090248879068 0.0 0.0 
MatrixEnd
GateAfter UNITARY 2 0 4 
MatrixBegin
1.0 0.0 0.0 0.0 0.0 0.0 0.0 0.0 0.0 0.0 0.0 0.0 0.0 0.0 1.0 0.0 0.0 0.0 0.0 0.0 0.7071067811865475 0.7071067811865475 0.0 0.0 0.0 0.0 0.7071067811865475 0.7071067811865475 0.0 0.0 0.0 0.0 
MatrixEnd
GateAfter UNITARY 2 1 4 
MatrixBegin
1.0 0.0 0.0 0.0 0.0 0.0 0.0 0.0 0.0 0.0 1.0 0.0 0.0 0.0 0.0 0.0 0.0 0.0 0.0 0.0 0.0 0.0 1.0 0.0 0.0 0.0 0.0 0.0 1.0 0.0 0.0 0.0 
MatrixEnd
GateAfter UNITARY 2 2 4 
MatrixBegin
0.0 0.0 0.0 0.0 0.0 -1.0 0.0 0.0 0.0 0.0 0.0 0.0 0.0 0.0 0.0 -1.0 0.0 0.0 0.0 1.0 0.0 0.0 0.0 0.0 0.0 1.0 0.0 0.0 0.0 0.0 0.0 0.0 
MatrixEnd
GateAfter UNITARY 2 0 4 
MatrixBegin
1.0 0.0 0.0 0.0 0.0 0.0 0.0 0.0 0.0 0.0 0.0 0.0 0.0 0.0 1.0 0.0 0.0 0.0 0.0 0.0 0.0 1.0 0.0 0.0 0.0 0.0 0.0 1.0 0.0 0.0 0.0 0.0 
MatrixEnd
GateAfter UNITARY 2 1 4 
MatrixBegin
1.0 0.0 0.0 0.0 0.0 0.0 0.0 0.0 0.0 0.0 0.0 0.0 0.0 0.0 1.0 0.0 0.0 0.0 0.0 0.0 1.0 0.0 0.0 0.0 0.0 0.0 1.0 0.0 0.0 0.0 0.0 0.0 
MatrixEnd
GateAfter UNITARY 2 0 4 
MatrixBegin
1.0 0.0 0.0 0.0 0.0 0.0 0.0 0.0 0.0 0.0 0.0 0.0 0.0 0.0 1.0 0.0 0.0 0.0 0.0 0.0 1.0 0.0 0.0 0.0 0.0 0.0 1.0 0.0 0.0 0.0 0.0 0.0 
MatrixEnd
Qubits 2
GateBefore CX 0 1
GateBefore CX 1 0
GateBefore CX 0 1
GateBefore CX 1 0
GateAfter UNITARY 2 0 1 
MatrixBegin
1.0 0.0 0.0 0.0 0.0 0.0 0.0 0.0 0.0 0.0 0.0 0.0 0.0 0.0 1.0 0.0 0.0 0.0 1.0 0.0 0.0 0.0 0.0 0.0 0.0 0.0 0.0 0.0 1.0 0.0 0.0 0.0 
MatrixEnd
